OPEN,VALUE,CLOSE,CHART_DATE,HIGH,LOW
7.0,217000.0,7.0,2009-08-03,7.0,7.0
7.0,7315000.0,7.0,2009-08-04,7.0,7.0
7.0,105000.0,7.0,2009-08-06,7.0,7.0
6.9,6969000.0,6.9,2009-08-07,6.9,6.9
7.0,637000.0,7.0,2009-08-10,7.0,7.0
7.0,567300.0,7.0,2009-08-11,7.1,7.0
7.0,7280000.0,7.0,2009-08-12,7.0,7.0
7.1,9410200.0,7.4,2009-08-13,7.5,7.1
7.4,10098300.0,7.4,2009-08-14,7.5,7.3
7.3,373500.0,7.3,2009-08-17,7.4,7.3
7.3,1640100.0,7.2,2009-08-18,7.3,7.2
7.2,122400.0,7.2,2009-08-19,7.2,7.2
7.2,28800.0,7.2,2009-08-20,7.2,7.2
7.2,478500.0,7.2,2009-08-24,7.3,7.2
7.3,905300.0,7.2,2009-08-25,7.3,7.2
7.3,8194900.0,7.2,2009-08-26,7.3,7.2
7.3,153900.0,7.4,2009-09-03,7.4,7.3
7.3,10270300.0,7.5,2009-09-04,7.5,7.3
7.2,291000.0,7.3,2009-09-16,7.3,7.2
7.2,443300.0,7.2,2009-09-17,7.2,7.1
7.2,26354200.0,7.0,2009-09-18,7.2,7.0
7.0,20377000.0,7.0,2009-09-22,7.0,7.0
7.1,1065000.0,7.1,2009-09-23,7.1,7.1
7.2,28800.0,7.2,2009-09-30,7.2,7.2
7.2,4797000.0,7.5,2009-10-01,7.5,7.2
7.5,3833600.0,7.5,2009-10-02,7.5,7.4
7.4,39720600.0,7.5,2009-10-05,7.6,7.4
7.5,6524000.0,7.9,2009-10-06,7.9,7.5
7.9,14802300.0,7.8,2009-10-07,7.9,7.7
7.9,1272100.0,7.9,2009-10-08,8.0,7.9
7.9,2757600.0,8.0,2009-10-09,8.0,7.9
8.0,5401400.0,7.8,2009-10-12,8.0,7.8
7.6,4078600.0,7.7,2009-10-13,7.7,7.6
7.7,1201200.0,7.7,2009-10-14,7.7,7.7
7.7,7515600.0,7.9,2009-10-15,7.9,7.4
7.9,3175800.0,7.9,2009-10-16,7.9,7.9
7.8,156100.0,7.8,2009-10-19,7.9,7.8
7.8,897000.0,7.8,2009-10-20,7.8,7.8
7.5,2317500.0,7.7,2009-10-21,7.7,7.5
7.7,53900.0,7.7,2009-10-22,7.7,7.7
7.9,821600.0,7.9,2009-10-23,7.9,7.9
7.9,3557500.0,8.1,2009-10-26,8.1,7.9
8.1,7273600.0,8.2,2009-10-27,8.4,8.1
8.3,1033300.0,8.2,2009-10-28,8.3,8.2
8.1,10658300.0,8.0,2009-10-29,8.1,8.0
8.2,9392200.0,8.3,2009-10-30,8.3,8.0
8.2,186800.0,8.1,2009-11-03,8.2,8.1
8.2,24422000.0,8.5,2009-11-04,8.5,8.1
8.5,3585900.0,8.5,2009-11-05,8.5,8.3
8.5,1957100.0,8.4,2009-11-06,8.5,8.4
8.3,466500.0,8.2,2009-11-09,8.3,8.1
8.6,27838100.0,8.6,2009-11-10,8.7,8.5
8.6,98283600.0,8.5,2009-11-11,8.6,8.4
9.1,33135800.0,9.3,2009-12-15,9.4,9.1
9.2,31327800.0,9.0,2009-12-16,9.2,8.9
9.0,38771800.0,9.0,2009-12-17,9.0,8.9
8.9,1114500.0,8.9,2009-12-18,9.0,8.9
8.9,34189100.0,9.0,2009-12-21,9.0,8.9
8.9,28086400.0,8.9,2009-12-22,9.0,8.9
9.0,934714200.0,8.9,2009-12-23,9.0,8.9
8.9,703462100.0,9.0,2009-12-29,9.0,8.9
9.0,585000.0,9.0,2010-01-04,9.0,9.0
9.0,1871900.0,9.1,2010-01-05,9.2,9.0
9.1,2547900.0,9.1,2010-01-06,9.1,9.0
9.1,545900.0,9.1,2010-01-07,9.1,9.0
9.2,548000.0,9.2,2010-01-08,9.2,9.1
9.2,101465000.0,9.3,2010-01-11,9.5,9.2
9.3,19886800.0,9.5,2010-01-12,9.8,9.3
9.6,27644000.0,9.5,2010-01-13,9.7,9.5
9.6,6772300.0,9.5,2010-01-14,9.6,9.4
9.5,4648300.0,9.6,2010-01-15,9.6,9.5
9.5,6080200.0,9.5,2010-01-18,9.6,9.5
9.5,5443600.0,9.6,2010-01-19,9.6,9.5
9.5,18236600.0,9.6,2010-01-20,9.7,9.5
9.6,12726600.0,9.6,2010-01-21,9.6,9.5
9.7,40349100.0,10.25,2010-01-22,10.25,9.6
9.7,20835550.0,9.8,2010-01-25,9.8,9.7
10.0,21233500.0,9.9,2010-01-26,10.0,9.8
9.9,11344500.0,9.9,2010-01-27,9.9,9.8
9.8,19847000.0,9.9,2010-01-28,9.9,9.7
9.9,17489900.0,9.9,2010-01-29,9.9,9.7
9.8,21983200.0,9.9,2010-02-01,9.9,9.8
9.9,2910800.0,9.9,2010-02-02,9.9,9.8
9.9,34388750.0,10.25,2010-02-03,10.25,9.9
10.0,69872525.0,10.25,2010-02-04,10.25,10.0
10.25,27826950.0,10.25,2010-02-05,10.25,10.0
10.0,5653450.0,10.25,2010-02-08,10.25,10.0
10.25,29273475.0,10.25,2010-02-09,10.5,10.0
10.25,17209275.0,10.75,2010-02-10,10.75,10.25
10.75,25759775.0,11.25,2010-02-11,11.25,10.5
11.5,33879225.0,11.5,2010-03-08,11.5,11.0
12.5,13552250.0,12.75,2010-03-12,12.75,12.25
12.75,340196350.0,13.5,2010-03-15,14.0,12.75
14.0,467694775.0,14.0,2010-03-16,14.25,13.75
13.75,118280750.0,13.5,2010-03-17,14.0,13.25
13.75,260834350.0,13.5,2010-03-31,13.75,13.5
15.0,54179925.0,15.0,2010-04-20,15.25,15.0
15.0,23361425.0,15.25,2010-04-21,15.5,15.0
15.25,25539225.0,15.75,2010-04-22,16.0,15.25
15.75,77494600.0,15.5,2010-04-23,16.0,15.25
16.25,99360975.0,16.75,2010-04-29,17.0,16.25
17.0,40099225.0,16.75,2010-04-30,17.25,16.5
17.0,24074325.0,16.5,2010-05-04,17.0,16.5
16.25,46472150.0,15.75,2010-05-05,16.25,15.25
18.0,146239225.0,18.75,2010-05-13,19.5,17.75
19.0,48872975.0,18.75,2010-05-14,19.0,18.5
18.5,36782725.0,18.25,2010-05-17,18.5,18.0
18.75,25189525.0,18.0,2010-05-18,18.75,17.75
17.5,192388500.0,17.5,2010-05-19,17.5,16.75
16.75,101776225.0,17.5,2010-05-20,17.5,16.75
17.0,202760625.0,17.25,2010-05-21,17.25,16.75
17.5,41407750.0,17.25,2010-05-24,17.5,17.25
17.25,189910000.0,16.5,2010-05-25,17.25,16.5
16.5,61508275.0,16.5,2010-05-26,16.75,16.5
16.25,156418150.0,16.75,2010-05-27,17.0,16.25
17.0,116621525.0,17.75,2010-05-28,17.75,17.0
17.75,32530175.0,18.0,2010-05-31,18.25,17.5
18.0,43893850.0,18.0,2010-06-01,18.25,17.75
18.0,125007075.0,19.5,2010-06-02,19.5,18.0
19.5,66435925.0,19.5,2010-06-03,19.75,19.5
19.5,91901550.0,20.0,2010-06-04,20.25,19.5
19.25,38983175.0,19.5,2010-06-07,20.0,19.0
19.5,89903050.0,19.25,2010-06-08,20.0,19.25
19.5,134584300.0,19.25,2010-06-09,19.75,19.0
19.0,93099275.0,18.75,2010-06-10,19.25,18.75
19.5,170802575.0,19.25,2010-06-11,19.5,19.0
19.25,33534850.0,19.75,2010-06-15,19.75,19.25
20.25,39119900.0,20.5,2010-06-16,20.5,20.0
21.25,65862225.0,21.0,2010-06-21,21.25,20.75
21.0,98718550.0,21.0,2010-06-22,21.0,20.75
21.0,50412725.0,20.5,2010-06-23,21.0,20.5
20.75,48569125.0,20.5,2010-06-24,20.75,20.25
20.5,53299750.0,20.5,2010-06-25,20.5,20.0
20.25,115286925.0,20.0,2010-06-28,20.25,19.75
20.0,891370250.0,19.75,2010-06-29,20.0,19.5
19.25,99092175.0,20.0,2010-07-01,20.0,19.25
20.0,38801375.0,19.5,2010-07-02,20.0,19.5
20.25,53947550.0,20.5,2010-07-06,20.75,20.25
20.5,80985875.0,21.25,2010-07-07,21.25,20.5
21.5,108926500.0,22.5,2010-07-08,22.5,21.5
22.5,335413075.0,22.0,2010-07-09,22.5,22.0
22.25,373454700.0,22.5,2010-07-13,22.75,22.25
22.5,82096025.0,22.5,2010-07-14,23.0,22.5
22.75,297073825.0,22.0,2010-07-15,22.75,22.0
22.25,72935575.0,22.25,2010-07-16,22.25,22.0
22.0,47539775.0,22.5,2010-07-19,22.5,22.0
22.5,91387200.0,22.25,2010-07-20,22.5,22.25
22.25,52177400.0,22.0,2010-07-21,22.25,22.0
22.0,2242075.0,22.0,2010-07-22,22.25,22.0
22.25,23891525.0,22.25,2010-07-23,22.5,22.25
24.2,58054985.0,24.6,2010-09-20,25.0,24.2
25.0,34974555.0,25.25,2010-09-21,25.45,24.6
25.2,50967165.0,25.0,2010-09-22,25.25,24.6
24.9,27858460.0,25.05,2010-09-23,25.05,24.9
25.0,83662240.0,25.0,2010-09-24,25.0,24.3
25.25,55727165.0,25.2,2010-09-27,25.25,25.0
25.15,11997760.0,24.95,2010-09-28,25.15,24.9
24.95,53791745.0,25.0,2010-09-29,25.15,24.55
24.5,56167795.0,24.05,2010-09-30,24.55,23.95
24.0,53274900.0,24.5,2010-10-01,24.5,24.0
24.6,12407905.0,25.05,2010-10-04,25.05,24.6
25.05,33987960.0,25.25,2010-10-05,25.4,25.05
25.5,37993730.0,25.4,2010-10-06,25.6,25.3
25.4,49590040.0,27.0,2010-10-07,27.0,25.25
27.0,41958055.0,28.0,2010-10-08,28.3,27.0
28.9,7386500.0,28.75,2010-10-12,28.95,28.25
28.7,21715000.0,29.35,2010-10-13,29.4,28.7
29.45,13598845.0,29.9,2010-10-14,29.9,29.45
29.9,21250760.0,31.0,2010-10-15,31.5,29.9
31.5,51204980.0,31.6,2010-10-18,33.0,31.0
32.85,75182395.0,31.8,2010-10-19,32.85,31.4
31.8,16289980.0,32.8,2010-10-20,32.8,31.3
32.85,66902950.0,34.15,2010-10-21,35.0,32.85
34.4,83686215.0,35.45,2010-10-22,36.4,34.4
36.0,96468230.0,35.1,2010-10-26,36.0,35.0
35.2,39677250.0,34.6,2010-10-27,35.2,34.1
34.5,67106485.0,34.2,2010-10-28,34.55,34.0
34.45,28905525.0,33.5,2010-10-29,35.0,33.5
33.5,21553335.0,33.65,2010-11-02,34.5,33.5
33.8,26714325.0,33.7,2010-11-03,34.1,33.6
33.7,28320845.0,34.4,2010-11-04,34.4,33.7
36.0,30013705.0,35.0,2010-11-08,36.0,34.9
35.0,25094180.0,34.4,2010-11-09,35.0,34.35
34.5,62067685.0,34.25,2010-11-10,34.75,33.5
34.5,86849060.0,34.6,2010-11-11,35.5,33.75
34.75,69501455.0,34.8,2010-11-12,35.6,34.75
35.25,66897230.0,35.5,2010-11-15,35.8,34.8
35.5,56086045.0,35.5,2010-11-17,36.0,35.4
36.0,106306780.0,38.3,2010-11-18,38.3,35.95
38.5,111577140.0,40.0,2010-11-19,40.05,38.3
40.15,43570290.0,39.0,2010-11-22,40.15,38.0
38.95,66127105.0,37.8,2010-11-23,38.95,37.6
37.5,64428045.0,38.5,2010-11-24,38.9,37.3
39.0,94318825.0,38.35,2010-11-25,40.0,38.0
39.0,55627210.0,37.3,2010-11-26,39.0,37.05
37.3,61295740.0,37.0,2010-11-30,37.7,36.8
37.3,72085355.0,38.05,2010-12-01,39.0,37.3
39.0,230458475.0,40.5,2010-12-02,40.8,39.0
41.0,112038025.0,40.5,2010-12-03,41.5,40.0
40.5,29431045.0,40.45,2010-12-06,40.5,40.2
40.2,120655910.0,39.6,2010-12-07,40.2,39.5
39.6,39404055.0,39.75,2010-12-08,40.0,39.6
38.5,55227385.0,39.05,2010-12-16,39.05,37.8
38.5,71905160.0,37.8,2010-12-22,38.5,37.0
37.8,63182565.0,37.75,2010-12-23,37.8,37.7
37.75,42812245.0,37.4,2010-12-28,37.75,37.05
37.75,42812245.0,37.4,2010-12-28,37.75,37.05
37.75,42812245.0,37.4,2010-12-28,37.75,37.05
37.75,42812245.0,37.4,2010-12-28,37.75,37.05
37.75,42812245.0,37.4,2010-12-28,37.75,37.05
37.75,42812245.0,37.4,2010-12-28,37.75,37.05
37.75,42812245.0,37.4,2010-12-28,37.75,37.05
37.75,42812245.0,37.4,2010-12-28,37.75,37.05
37.75,42812245.0,37.4,2010-12-28,37.75,37.05
37.75,42812245.0,37.4,2010-12-28,37.75,37.05
37.75,42812245.0,37.4,2010-12-28,37.75,37.05
37.75,42812245.0,37.4,2010-12-28,37.75,37.05
37.75,42812245.0,37.4,2010-12-28,37.75,37.05
37.75,42812245.0,37.4,2010-12-28,37.75,37.05
37.75,42812245.0,37.4,2010-12-28,37.75,37.05
37.75,42812245.0,37.4,2010-12-28,37.75,37.05
37.75,42812245.0,37.4,2010-12-28,37.75,37.05
37.75,42812245.0,37.4,2010-12-28,37.75,37.05
37.75,42812245.0,37.4,2010-12-28,37.75,37.05
37.75,42812245.0,37.4,2010-12-28,37.75,37.05
37.75,42812245.0,37.4,2010-12-28,37.75,37.05
37.4,71271120.0,37.35,2010-12-29,37.8,36.85
37.4,71271120.0,37.35,2010-12-29,37.8,36.85
37.0,17123245.0,37.1,2011-01-03,39.5,37.0
37.0,17123245.0,37.1,2011-01-03,39.5,37.0
37.0,17123245.0,37.1,2011-01-03,39.5,37.0
37.3,38504150.0,38.05,2011-01-04,38.1,37.3
38.5,14671710.0,37.8,2011-01-05,38.5,37.5
38.0,68921545.0,38.6,2011-01-06,39.5,38.0
38.6,55755215.0,38.1,2011-01-07,38.6,37.85
38.1,16217435.0,37.55,2011-01-10,38.1,37.2
37.3,37986895.0,36.1,2011-01-11,37.3,35.1
37.3,37986895.0,36.1,2011-01-11,37.3,35.1
36.05,21221935.0,35.4,2011-01-12,36.2,35.0
35.4,21335435.0,36.0,2011-01-13,36.1,35.4
36.1,17637660.0,37.8,2011-01-14,37.8,36.1
37.5,41921695.0,37.9,2011-01-17,38.2,37.5
37.9,19549070.0,36.95,2011-01-18,37.9,36.8
36.95,71670620.0,36.3,2011-01-19,36.95,36.0
36.95,71670620.0,36.3,2011-01-19,36.95,36.0
36.2,28963685.0,36.85,2011-01-20,37.45,36.2
36.2,28963685.0,36.85,2011-01-20,37.45,36.2
36.95,48512570.0,36.5,2011-01-24,36.95,36.1
37.0,116049275.0,37.05,2011-01-25,37.1,36.5
37.0,90409055.0,36.8,2011-01-26,37.0,36.7
36.7,67059640.0,37.15,2011-01-27,37.15,36.7
37.15,61692195.0,37.25,2011-01-28,37.45,37.15
37.15,61692195.0,37.25,2011-01-28,37.45,37.15
37.0,21381930.0,36.75,2011-01-31,37.0,36.5
37.0,21381930.0,36.75,2011-01-31,37.0,36.5
36.35,41009875.0,34.3,2011-02-01,36.45,34.3
36.35,41009875.0,34.3,2011-02-01,36.45,34.3
36.0,39473105.0,34.95,2011-02-02,37.0,34.8
33.0,28766035.0,34.6,2011-02-03,35.0,33.0
37.05,504685820.0,37.35,2011-02-14,37.45,36.9
37.7,1478758110.0,38.3,2011-02-16,38.7,37.5
37.7,1478758110.0,38.3,2011-02-16,38.7,37.5
38.6,204615390.0,39.0,2011-02-17,39.1,38.45
39.4,105685855.0,39.0,2011-02-18,39.9,38.8
39.1,186331950.0,38.6,2011-02-21,39.55,37.9
39.1,186331950.0,38.6,2011-02-21,39.55,37.9
38.5,279507945.0,37.7,2011-02-22,38.5,37.0
38.5,279507945.0,37.7,2011-02-22,38.5,37.0
37.4,301654695.0,37.7,2011-02-23,37.7,37.0
37.4,301654695.0,37.7,2011-02-23,37.7,37.0
37.5,348897215.0,39.1,2011-02-24,39.2,37.5
37.5,348897215.0,39.1,2011-02-24,39.2,37.5
39.05,491664965.0,40.0,2011-02-25,40.15,39.05
40.2,3888484220.0,47.0,2011-02-28,47.0,40.2
43.5,502744715.0,42.1,2011-03-02,43.5,41.0
42.1,307959775.0,43.15,2011-03-03,43.3,42.1
43.5,143080030.0,42.5,2011-03-04,43.5,42.5
43.5,143080030.0,42.5,2011-03-04,43.5,42.5
42.5,216906345.0,42.45,2011-03-07,42.6,42.25
42.6,902036430.0,42.75,2011-03-08,42.8,42.45
42.6,902036430.0,42.75,2011-03-08,42.8,42.45
41.95,1111963230.0,41.4,2011-03-11,42.0,41.0
41.95,1111963230.0,41.4,2011-03-11,42.0,41.0
41.2,318686440.0,41.25,2011-03-16,41.35,41.2
41.0,55408815.0,40.95,2011-03-17,41.0,40.5
40.95,355032820.0,40.9,2011-03-18,41.05,40.7
40.95,89795785.0,40.9,2011-03-21,41.0,40.8
40.7,140490990.0,40.85,2011-03-22,40.9,40.7
40.8,147190920.0,40.8,2011-03-23,40.85,40.7
40.8,121984095.0,40.75,2011-03-24,40.8,40.6
40.75,146457735.0,40.7,2011-03-25,40.75,40.6
40.8,63415190.0,40.7,2011-03-28,40.8,40.6
40.5,23041705.0,40.65,2011-03-29,40.65,40.5
40.7,66597495.0,40.65,2011-03-30,40.7,40.6
40.7,455043705.0,41.1,2011-03-31,41.15,40.65
41.05,247250775.0,42.15,2011-04-01,42.5,41.05
42.2,222063550.0,42.15,2011-04-04,42.25,42.1
42.3,36361030.0,41.95,2011-04-05,42.3,41.95
41.95,129209805.0,41.8,2011-04-06,41.95,41.7
41.8,83618805.0,41.6,2011-04-07,41.8,41.55
41.6,93504000.0,41.5,2011-04-08,41.6,41.45
41.0,35628920.0,41.2,2011-04-11,41.5,41.0
41.1,65104675.0,40.95,2011-04-12,41.2,40.9
40.8,9450570.0,40.95,2011-04-13,40.95,40.6
40.6,31448680.0,41.05,2011-04-14,41.1,40.6
41.05,86189790.0,40.95,2011-04-15,41.05,40.7
41.5,54516020.0,40.8,2011-04-26,41.7,40.8
41.0,111747250.0,42.0,2011-04-27,42.0,40.95
42.0,27767675.0,39.45,2011-04-28,42.0,39.45
41.0,80325230.0,39.65,2011-04-29,41.0,39.65
39.8,16439805.0,40.5,2011-05-02,40.5,39.8
40.1,18539460.0,40.45,2011-05-03,40.5,40.0
40.45,60557710.0,40.05,2011-05-04,40.45,39.9
40.0,65544645.0,39.2,2011-05-05,40.0,38.8
39.0,88989700.0,37.55,2011-05-06,39.0,37.0
38.0,16487005.0,37.5,2011-05-09,38.0,37.45
37.55,20480930.0,38.2,2011-05-10,38.5,37.55
38.2,65832340.0,39.0,2011-05-11,39.0,38.2
39.0,48877785.0,37.9,2011-05-12,39.4,37.9
38.0,50610360.0,38.4,2011-05-13,38.8,38.0
38.4,75661355.0,38.2,2011-05-16,38.45,38.2
38.4,67021680.0,38.45,2011-05-17,38.5,38.3
38.55,56224050.0,39.5,2011-05-18,39.5,38.45
39.55,27980740.0,39.2,2011-05-19,39.55,39.2
39.2,37404530.0,39.1,2011-05-20,39.5,38.9
39.65,49656000.0,39.1,2011-05-23,39.7,38.85
40.0,63541820.0,39.4,2011-05-24,40.0,39.0
39.6,26047750.0,39.2,2011-05-25,39.6,38.6
40.0,111337440.0,39.75,2011-05-26,40.0,39.3
39.75,53642870.0,40.05,2011-05-27,40.05,39.75
40.15,13497060.0,39.6,2011-05-30,40.15,39.6
39.1,355434615.0,41.3,2011-05-31,41.4,39.05
41.3,37060810.0,38.8,2011-06-01,41.45,38.8
40.9,39195845.0,40.9,2011-06-03,41.0,40.75
40.9,5123720.0,39.7,2011-06-06,40.9,39.7
39.8,45500050.0,39.75,2011-06-07,40.0,39.55
39.75,41773955.0,40.0,2011-06-08,40.0,39.75
40.0,16685585.0,39.9,2011-06-09,40.0,39.8
39.8,29165990.0,39.8,2011-06-10,39.85,39.8
39.8,46480290.0,39.5,2011-06-13,39.8,39.5
39.5,80670345.0,39.5,2011-06-14,40.3,39.3
39.5,64946900.0,40.0,2011-06-15,40.0,39.5
39.0,572519840.0,40.0,2011-06-16,41.5,39.0
40.4,54865375.0,40.45,2011-06-17,40.85,40.2
40.95,332751325.0,41.45,2011-06-21,41.45,40.45
41.45,35925285.0,41.4,2011-06-22,41.45,41.0
41.4,33680900.0,41.2,2011-06-23,41.4,40.95
40.25,82462950.0,41.5,2011-06-24,41.5,40.25
41.5,53387535.0,41.55,2011-06-27,41.55,41.35
41.6,26891590.0,41.7,2011-06-28,42.0,41.6
40.75,57963245.0,41.0,2011-06-29,41.65,40.75
41.0,140544585.0,42.0,2011-06-30,42.0,41.0
42.0,80215785.0,41.95,2011-07-01,42.0,41.0
42.1,57445975.0,42.2,2011-07-04,42.2,41.9
42.5,39370970.0,42.35,2011-07-05,42.5,42.1
42.35,16144745.0,42.05,2011-07-06,42.35,42.0
42.35,11372300.0,42.0,2011-07-07,42.35,41.8
41.9,22676130.0,42.1,2011-07-08,42.15,41.9
42.05,19297215.0,42.1,2011-07-11,42.1,41.5
42.0,3735095.0,41.75,2011-07-12,42.0,40.8
41.75,62047230.0,42.05,2011-07-13,42.35,41.75
42.0,38537675.0,42.0,2011-07-14,42.1,42.0
42.0,49704330.0,42.0,2011-07-15,42.0,41.3
41.5,40574380.0,42.0,2011-07-18,42.15,41.5
42.0,9239610.0,42.0,2011-07-19,42.05,41.75
42.0,23603745.0,42.0,2011-07-20,42.0,41.9
41.9,3318965.0,41.8,2011-07-21,42.0,41.75
41.8,12826645.0,42.0,2011-07-22,42.0,41.75
42.0,17841100.0,42.0,2011-07-25,42.0,41.9
41.5,61380155.0,40.95,2011-07-26,41.5,40.8
40.6,70913330.0,41.7,2011-07-27,42.0,40.6
41.7,68942080.0,41.8,2011-07-28,41.8,41.7
41.8,60553295.0,41.9,2011-07-29,41.9,41.5
41.0,88270870.0,42.1,2011-08-01,42.1,40.9
42.0,82229525.0,41.35,2011-08-02,42.0,41.0
41.0,109473805.0,40.8,2011-08-03,41.0,40.75
40.8,85138485.0,40.6,2011-08-04,42.0,40.4
39.8,596265340.0,41.95,2011-08-05,41.95,39.6
40.65,223492425.0,39.95,2011-08-08,40.65,39.0
39.0,815361660.0,38.65,2011-08-09,39.5,37.75
39.0,43803510.0,39.1,2011-08-10,39.2,38.95
38.0,43389990.0,39.75,2011-08-11,39.75,38.0
40.0,26704290.0,39.1,2011-08-12,40.2,39.0
39.1,48902790.0,39.0,2011-08-15,39.2,39.0
39.0,12856835.0,39.05,2011-08-16,39.3,39.0
39.0,25227125.0,39.0,2011-08-17,39.0,38.9
39.15,13679350.0,40.0,2011-08-18,40.0,39.1
39.0,11736035.0,40.0,2011-08-19,40.0,39.0
39.2,53283235.0,38.5,2011-08-22,39.9,38.5
38.5,44162030.0,40.5,2011-08-23,40.5,38.5
40.5,30570105.0,40.7,2011-08-24,40.7,39.0
40.7,28576100.0,40.9,2011-08-25,41.1,40.55
40.9,12603725.0,40.5,2011-08-26,40.9,39.8
41.0,49600980.0,40.7,2011-08-31,41.0,40.0
40.7,50950500.0,39.45,2011-09-01,40.75,39.45
40.2,74294175.0,40.5,2011-09-02,41.0,40.0
40.0,24822860.0,40.85,2011-09-05,40.85,39.6
40.85,15193015.0,40.0,2011-09-06,40.85,40.0
39.1,16753250.0,40.1,2011-09-07,40.15,39.1
41.0,33842485.0,40.9,2011-09-08,41.0,40.0
40.0,18262340.0,40.0,2011-09-09,40.9,40.0
39.3,65153075.0,39.1,2011-09-12,39.3,39.05
39.1,102460515.0,39.1,2011-09-13,40.0,39.0
39.1,64911925.0,39.0,2011-09-14,39.1,38.95
40.0,85170515.0,38.8,2011-09-15,40.0,38.8
40.0,30493155.0,39.2,2011-09-16,40.0,39.2
39.2,65203865.0,39.95,2011-09-19,40.0,39.2
39.5,65383010.0,39.3,2011-09-20,40.0,39.1
39.5,39786185.0,39.0,2011-09-21,39.5,39.0
39.0,95476960.0,38.15,2011-09-22,39.0,38.0
38.0,111200750.0,36.8,2011-09-23,38.0,36.8
36.85,101933210.0,36.0,2011-09-26,37.0,35.5
36.0,201956685.0,37.05,2011-09-28,37.15,36.0
36.0,90502040.0,36.9,2011-09-29,37.5,36.0
37.5,40328070.0,37.0,2011-10-03,37.5,37.0
36.2,127754480.0,36.8,2011-10-04,36.85,36.2
36.25,71863135.0,36.0,2011-10-05,37.0,36.0
36.2,15185075.0,38.8,2011-10-06,38.8,36.2
38.8,60061520.0,40.9,2011-10-07,40.9,38.8
40.9,67686305.0,40.8,2011-10-10,41.0,39.5
40.9,98956950.0,40.8,2011-10-11,41.1,40.8
40.0,41198255.0,40.7,2011-10-12,40.8,40.0
40.7,49314520.0,40.65,2011-10-13,40.7,40.6
41.45,49906090.0,40.8,2011-10-14,41.45,40.8
40.0,41622030.0,41.0,2011-10-17,41.0,40.0
41.0,15993580.0,40.9,2011-10-18,41.0,40.7
40.1,17336900.0,41.2,2011-10-19,41.2,40.1
41.0,8130830.0,40.9,2011-10-20,41.0,40.8
41.1,5643490.0,40.8,2011-10-21,41.1,40.45
41.1,11499970.0,40.3,2011-10-24,41.1,40.3
40.3,41644405.0,40.0,2011-10-25,40.3,39.8
39.95,23251705.0,39.5,2011-10-26,40.0,39.5
40.0,18958900.0,40.2,2011-10-27,40.2,39.8
40.3,58658295.0,40.95,2011-10-28,41.0,40.3
40.5,53231675.0,40.45,2011-11-02,40.7,40.25
40.45,9165445.0,40.3,2011-11-03,40.6,39.5
40.3,18589535.0,40.45,2011-11-04,40.65,40.3
40.45,12352715.0,40.6,2011-11-08,40.9,40.45
40.6,97498415.0,41.0,2011-11-09,41.0,40.45
41.0,80663865.0,40.0,2011-11-10,41.0,39.7
38.7,2444820.0,39.95,2011-11-11,40.05,38.7
40.0,30914045.0,40.7,2011-11-14,40.7,40.0
39.9,35604425.0,41.0,2011-11-15,41.0,39.9
40.95,20606205.0,40.9,2011-11-16,40.95,40.6
41.0,25687565.0,40.5,2011-11-17,41.0,40.5
40.1,53811595.0,39.7,2011-11-18,40.2,39.7
39.6,53498505.0,39.35,2011-11-21,39.65,39.2
39.3,25178045.0,39.0,2011-11-22,39.3,38.8
38.9,30327450.0,39.1,2011-11-23,40.5,38.9
39.0,26836285.0,39.95,2011-11-24,39.95,39.0
39.95,29712330.0,41.0,2011-11-25,41.0,39.5
40.95,25172665.0,39.3,2011-11-28,40.95,39.3
39.4,119854565.0,39.0,2011-11-29,40.85,39.0
39.3,53911915.0,40.7,2011-12-01,40.7,39.3
40.7,45785535.0,40.9,2011-12-02,40.9,40.45
40.95,73802450.0,41.0,2011-12-05,41.0,39.8
40.0,58747120.0,40.9,2011-12-06,40.9,40.0
41.0,67972760.0,41.2,2011-12-07,41.2,40.8
41.2,43815555.0,41.2,2011-12-08,41.2,40.0
40.5,23867320.0,40.95,2011-12-09,41.0,40.1
40.0,28770475.0,39.7,2011-12-12,40.4,39.7
39.8,14978135.0,40.1,2011-12-13,40.6,39.8
39.7,46091970.0,40.0,2011-12-14,40.15,39.7
39.8,73045110.0,39.9,2011-12-15,40.0,39.8
39.9,38156775.0,39.9,2011-12-16,39.95,39.85
39.9,148289145.0,39.8,2011-12-19,39.9,39.75
39.55,94040355.0,39.9,2011-12-20,39.95,39.55
39.9,110745710.0,40.0,2011-12-21,40.0,39.8
40.0,22478325.0,40.9,2011-12-22,41.0,40.0
40.8,107016665.0,40.2,2011-12-23,41.0,40.2
40.1,28594840.0,40.8,2011-12-26,40.8,40.05
40.2,29154995.0,40.0,2011-12-27,40.2,39.85
40.0,376459515.0,40.0,2011-12-28,40.2,39.8
40.0,52821015.0,40.15,2011-12-29,40.45,40.0
39.55,13168855.0,40.2,2012-01-02,40.2,39.3
40.2,22358820.0,40.5,2012-01-03,40.5,39.9
40.5,58028560.0,40.8,2012-01-04,40.8,40.25
40.65,12694490.0,40.75,2012-01-05,40.95,40.65
40.75,11961980.0,40.7,2012-01-06,40.95,40.5
40.5,83114585.0,41.0,2012-01-09,41.1,40.5
41.3,79712730.0,41.25,2012-01-10,41.5,41.05
41.15,103470340.0,41.45,2012-01-11,41.8,41.15
41.45,42427615.0,41.5,2012-01-12,41.5,40.5
41.5,65779920.0,41.8,2012-01-13,41.85,40.7
41.7,14070430.0,40.5,2012-01-16,41.7,40.5
41.1,55202610.0,41.5,2012-01-17,41.5,40.7
41.2,73714620.0,41.5,2012-01-18,41.8,41.2
41.0,34395760.0,41.4,2012-01-19,41.55,40.8
41.65,76733135.0,41.6,2012-01-20,41.65,41.0
41.7,89540210.0,41.5,2012-01-24,41.7,41.4
41.7,88690005.0,41.5,2012-01-25,41.7,41.4
41.55,81993660.0,41.5,2012-01-26,41.55,40.55
41.5,70239955.0,41.5,2012-01-27,41.5,41.25
41.5,51936685.0,41.5,2012-01-30,41.5,41.4
41.5,132184105.0,41.8,2012-01-31,41.8,41.45
41.75,147650755.0,42.2,2012-02-01,42.25,41.75
42.25,240297030.0,43.4,2012-02-02,43.45,42.25
42.0,195835255.0,42.3,2012-02-03,43.35,42.0
43.0,168721385.0,44.35,2012-02-06,44.45,42.3
44.3,98494860.0,42.2,2012-02-07,45.6,42.2
42.8,228354975.0,43.5,2012-02-08,44.0,42.8
43.5,181787790.0,42.9,2012-02-09,43.5,42.6
42.9,101984290.0,42.75,2012-02-10,43.0,42.7
42.7,84105240.0,42.9,2012-02-13,42.95,42.7
43.05,153602740.0,42.45,2012-02-14,43.2,42.3
42.45,104105875.0,42.7,2012-02-15,43.15,42.45
42.95,86680285.0,43.5,2012-02-16,43.5,42.15
44.5,74470795.0,45.0,2012-02-17,45.0,44.0
46.0,86809465.0,46.9,2012-02-20,47.0,45.5
46.9,114081810.0,48.5,2012-02-21,48.5,46.5
48.6,146410165.0,51.0,2012-02-22,51.5,48.6
52.0,157475575.0,52.0,2012-02-23,59.9,51.0
52.3,134313522.0,54.8,2012-02-24,56.0,52.3
54.1,83071903.5,48.6,2012-02-27,54.1,48.1
47.7,47773635.0,46.5,2012-02-28,48.55,46.5
46.5,129361260.0,47.7,2012-02-29,48.2,46.5
47.8,82142060.0,48.3,2012-03-01,52.8,47.8
50.0,110522030.0,49.9,2012-03-02,50.2,49.85
50.0,98025215.0,50.0,2012-03-05,50.2,49.95
49.9,119168054.0,49.35,2012-03-06,50.0,49.25
48.95,195124845.0,49.5,2012-03-07,50.3,48.0
49.5,151717545.0,49.95,2012-03-08,50.0,49.5
49.95,72574415.0,49.95,2012-03-09,49.95,49.5
49.5,238122705.0,49.9,2012-03-12,49.95,49.5
49.85,324782205.0,48.3,2012-03-13,49.85,48.05
48.6,406173805.0,48.7,2012-03-14,49.2,48.5
48.7,261524025.0,49.5,2012-03-15,49.5,48.7
49.5,301073575.0,50.3,2012-03-16,50.3,45.0
50.0,212424827.5,49.65,2012-03-19,50.3,49.5
49.5,148275045.0,49.4,2012-03-20,49.9,49.4
49.4,64233245.0,48.4,2012-03-21,49.4,48.3
49.0,106488990.0,49.5,2012-03-22,49.55,48.95
49.1,39287745.0,49.0,2012-03-23,49.2,48.4
48.95,15321420.0,47.2,2012-03-26,49.05,47.2
48.45,84163285.0,49.0,2012-03-27,49.9,48.45
48.9,52371310.0,49.5,2012-03-28,49.5,48.9
49.5,103100555.0,49.6,2012-03-29,49.7,49.0
49.9,171303200.0,50.1,2012-03-30,50.2,49.6
50.1,29509957.5,50.45,2012-04-02,50.45,49.9
50.5,23668586.0,49.0,2012-04-03,51.4,49.0
49.1,117406050.0,49.95,2012-04-04,50.95,48.8
49.8,28789605.0,49.0,2012-04-10,49.9,49.0
49.0,87610935.0,49.1,2012-04-11,49.5,49.0
48.6,89471010.0,49.1,2012-04-12,49.45,48.6
49.1,20500425.0,49.25,2012-04-13,49.25,48.5
49.25,68700860.0,49.3,2012-04-16,49.5,48.8
49.3,43921960.0,49.0,2012-04-17,49.95,49.0
49.65,164663645.0,50.0,2012-04-18,50.5,49.35
49.9,53731558.0,50.15,2012-04-19,50.3,49.7
50.1,49054111.5,49.1,2012-04-20,50.1,48.0
49.05,109938410.0,48.9,2012-04-23,49.15,48.8
48.85,26529520.0,50.0,2012-04-24,50.0,48.75
49.9,75951970.5,50.0,2012-04-25,50.2,49.8
50.0,38572036.0,50.15,2012-04-26,50.2,50.0
50.4,32756933.0,50.15,2012-04-27,50.5,49.8
50.0,60634758.5,51.0,2012-04-30,51.0,50.0
50.95,127969666.0,51.2,2012-05-02,53.5,50.75
52.0,76316680.5,53.0,2012-05-03,53.6,52.0
53.0,71724063.5,53.9,2012-05-04,53.9,52.8
53.5,133544107.0,53.1,2012-05-07,53.5,52.35
53.0,62633984.5,52.75,2012-05-08,53.0,50.2
52.45,42720960.0,52.0,2012-05-09,52.55,52.0
53.2,137222601.0,52.35,2012-05-10,53.2,51.8
52.1,85746866.0,52.85,2012-05-11,53.0,52.1
52.8,49816288.5,53.0,2012-05-14,53.0,50.2
51.9,72052133.0,51.0,2012-05-15,52.15,51.0
50.5,75560028.0,49.5,2012-05-16,50.5,48.5
48.65,178615790.0,50.9,2012-05-17,51.1,48.65
50.0,91892728.0,48.0,2012-05-18,50.65,46.5
50.0,72213190.0,50.1,2012-05-21,51.1,49.0
50.5,56949684.0,50.0,2012-05-22,51.0,49.0
50.05,23079895.5,50.0,2012-05-23,50.05,49.5
50.0,20435405.5,49.7,2012-05-24,50.0,49.5
49.7,30991530.0,49.95,2012-05-25,50.0,49.65
49.0,26243060.0,50.0,2012-05-28,50.0,49.0
50.0,27749278.0,51.1,2012-05-29,51.2,50.0
51.1,81639887.5,51.5,2012-05-30,51.5,49.6
50.2,150968498.0,52.0,2012-05-31,52.4,49.95
51.95,35385072.0,50.9,2012-06-01,51.95,50.5
50.9,95306122.5,47.85,2012-06-04,50.9,47.1
47.9,34919880.0,48.95,2012-06-05,49.25,47.9
48.0,96115255.0,49.0,2012-06-06,49.0,48.0
49.9,34452620.0,50.1,2012-06-07,50.8,49.1
50.0,54254998.5,50.0,2012-06-08,50.15,49.8
50.75,10586471.0,49.95,2012-06-11,50.75,49.95
50.0,36308905.0,50.25,2012-06-13,50.3,49.95
50.25,176034897.5,48.0,2012-06-14,50.25,48.0
49.0,880641090.0,45.0,2012-06-15,49.0,44.0
47.5,218508460.0,47.75,2012-06-18,47.75,46.5
47.75,128213400.0,48.0,2012-06-19,48.2,47.0
48.9,53151855.0,48.8,2012-06-20,48.95,48.1
48.8,61472315.0,47.65,2012-06-21,49.25,47.65
46.9,75854895.0,47.5,2012-06-22,47.65,46.9
46.7,197037915.0,46.75,2012-06-25,48.0,46.3
46.0,117762160.0,46.95,2012-06-26,47.5,46.0
46.65,121031800.0,48.0,2012-06-27,48.4,46.65
48.0,84156405.0,49.45,2012-06-28,49.45,47.5
49.3,71998145.0,48.95,2012-06-29,49.4,48.6
48.95,85551780.0,49.45,2012-07-02,49.5,48.95
49.45,65537420.0,49.3,2012-07-03,49.5,49.1
49.3,49413265.0,49.0,2012-07-04,50.0,48.5
49.3,14366575.0,49.0,2012-07-05,49.3,48.7
49.9,50998870.0,49.45,2012-07-06,49.9,48.8
49.45,17313785.0,48.5,2012-07-09,49.45,48.0
48.5,17792595.0,47.0,2012-07-10,48.95,47.0
48.0,55051700.0,48.0,2012-07-11,48.0,47.15
48.0,78416330.0,48.45,2012-07-12,49.1,48.0
48.45,43948860.0,47.9,2012-07-13,48.85,47.9
48.5,21479585.0,48.7,2012-07-16,48.8,48.5
48.7,13554695.0,48.5,2012-07-17,48.7,47.9
48.5,20943495.0,48.4,2012-07-18,48.5,48.0
48.7,38054815.0,47.95,2012-07-19,48.7,47.5
47.05,47217770.0,48.5,2012-07-20,48.5,47.05
48.5,8442795.0,48.4,2012-07-23,48.5,47.0
48.4,129144665.0,47.3,2012-07-24,48.95,47.3
47.45,89617870.0,47.0,2012-07-25,47.45,46.8
46.7,50688755.0,47.5,2012-07-26,47.5,46.7
47.65,100367880.0,48.45,2012-07-27,48.7,47.65
48.65,40346270.0,48.8,2012-07-30,48.8,48.65
48.8,87024060.0,49.2,2012-07-31,49.4,48.5
48.9,40190905.0,48.95,2012-08-01,49.2,48.0
48.9,33250825.0,49.0,2012-08-02,49.0,48.85
49.0,17479475.0,48.2,2012-08-03,49.0,48.0
48.4,16277265.0,48.75,2012-08-06,48.75,47.4
48.85,23679660.0,48.8,2012-08-08,48.85,47.75
48.8,77163715.0,48.5,2012-08-09,48.8,48.05
47.5,71375635.0,49.0,2012-08-10,49.0,47.5
48.35,179026180.0,49.1,2012-08-13,49.5,48.15
49.05,67302420.0,48.95,2012-08-14,49.05,48.2
48.95,74134130.0,49.05,2012-08-15,49.1,48.95
49.0,13070840.0,48.9,2012-08-16,49.0,48.8
48.9,52204430.0,48.5,2012-08-17,48.9,48.1
47.5,106553040.0,47.55,2012-08-22,47.65,47.5
47.5,22179805.0,48.2,2012-08-23,48.3,47.5
48.2,55265015.0,48.0,2012-08-24,48.2,47.25
47.95,75464415.0,48.4,2012-08-28,48.45,47.0
48.2,31797145.0,48.2,2012-08-29,48.2,48.0
48.0,34467530.0,47.5,2012-08-30,48.0,47.5
47.55,96540670.0,48.5,2012-08-31,48.5,47.4
47.5,66021920.0,48.2,2012-09-03,48.4,47.45
48.15,35532345.0,48.0,2012-09-04,48.2,47.55
48.0,15039650.0,47.5,2012-09-05,48.0,47.5
47.5,24551965.0,47.5,2012-09-06,48.0,47.2
47.6,18655105.0,48.0,2012-09-07,48.0,47.6
48.0,24455395.0,48.9,2012-09-10,48.9,48.0
48.85,6093020.0,48.5,2012-09-11,48.85,48.0
48.5,79378840.0,49.1,2012-09-12,49.15,48.4
48.8,32204390.0,48.95,2012-09-13,49.0,48.0
49.2,111528805.0,48.95,2012-09-14,49.2,48.1
49.0,61103800.0,49.0,2012-09-17,49.4,48.9
48.95,8340540.0,48.3,2012-09-18,48.95,48.25
48.3,68826180.0,48.2,2012-09-19,48.45,48.1
48.2,41301965.0,48.6,2012-09-20,48.6,48.1
49.0,42511605.0,48.0,2012-09-21,49.0,48.0
48.3,49018935.0,49.0,2012-09-24,49.0,48.3
48.25,30768825.0,49.0,2012-09-25,49.0,48.25
48.8,23192030.0,48.95,2012-09-26,48.95,48.2
49.0,55202505.0,48.85,2012-09-27,49.0,48.7
48.85,122900220.0,48.85,2012-09-28,49.0,48.5
48.9,42113900.0,48.65,2012-10-01,48.95,48.5
48.65,48970260.0,48.75,2012-10-02,49.0,48.65
48.75,50510085.0,48.95,2012-10-03,49.0,48.75
48.95,120020285.0,49.0,2012-10-04,49.1,48.85
49.0,60950745.0,48.8,2012-10-05,49.15,48.75
48.85,57365265.0,49.0,2012-10-08,49.0,48.8
49.0,26833765.0,48.5,2012-10-09,49.0,48.3
48.3,49982835.0,48.3,2012-10-10,48.3,47.5
48.2,24292625.0,48.0,2012-10-11,48.3,47.8
48.3,68522505.0,48.3,2012-10-12,48.75,48.25
48.3,14616920.0,48.3,2012-10-15,48.4,48.1
48.3,61759540.0,48.5,2012-10-16,48.5,48.1
48.5,53233005.0,48.5,2012-10-17,48.5,48.4
48.05,30052595.0,48.5,2012-10-18,48.55,48.0
48.5,62268735.0,48.9,2012-10-19,48.9,48.1
48.5,26345825.0,48.8,2012-10-22,48.8,48.15
48.75,3918180.0,48.5,2012-10-23,48.8,48.3
48.35,39261245.0,47.9,2012-10-24,48.35,47.8
47.9,48332630.0,48.0,2012-10-25,48.0,47.1
48.0,32292595.0,48.0,2012-10-29,48.05,47.8
47.6,33582385.0,48.0,2012-10-30,48.0,47.3
47.6,45742540.0,48.25,2012-10-31,48.5,47.2
48.5,134395455.0,49.2,2012-11-05,49.75,48.5
49.4,55395105.0,49.35,2012-11-06,49.45,49.1
49.3,42554980.0,49.0,2012-11-07,49.3,48.7
48.95,38557625.0,49.0,2012-11-08,49.0,48.0
48.8,28911635.0,48.8,2012-11-09,48.8,48.45
48.8,42672070.0,48.7,2012-11-12,48.8,48.5
48.5,62264310.0,48.75,2012-11-13,48.85,48.5
48.65,32444350.0,48.7,2012-11-14,48.75,48.65
48.65,36270525.0,48.8,2012-11-15,48.95,48.6
48.8,20173240.0,48.7,2012-11-16,48.8,48.4
48.65,46227415.0,48.75,2012-11-19,48.75,48.5
48.75,34276515.0,48.75,2012-11-20,48.8,48.6
48.75,62483215.0,48.5,2012-11-21,48.75,48.5
48.7,145530625.0,48.65,2012-11-22,48.75,48.6
48.7,43861610.0,48.7,2012-11-23,48.7,48.55
48.7,63173765.0,48.85,2012-11-26,48.85,48.7
48.9,57731855.0,48.65,2012-11-27,49.0,48.65
48.65,55507560.0,49.5,2012-11-28,49.5,48.65
49.5,93069045.0,49.3,2012-11-29,49.5,49.0
49.3,116467515.0,51.0,2012-12-03,51.0,49.2
51.0,162610714.0,52.25,2012-12-04,52.75,50.65
51.25,100367691.5,51.5,2012-12-05,52.0,51.0
51.5,145775957.5,52.9,2012-12-06,52.9,51.4
52.9,120268566.0,51.8,2012-12-07,52.9,51.3
51.8,93896697.0,50.0,2012-12-10,51.85,49.55
50.05,54258651.0,50.95,2012-12-11,51.35,50.05
50.95,42661711.5,51.45,2012-12-12,51.7,50.5
51.5,78014643.0,51.65,2012-12-13,51.8,51.5
51.9,45752096.0,50.9,2012-12-14,51.9,50.5
51.05,143786922.5,51.7,2012-12-17,52.5,51.05
51.7,41239799.5,51.9,2012-12-18,52.05,50.8
51.9,206624317.5,52.1,2012-12-19,52.5,51.85
52.1,131052928.0,52.2,2012-12-20,52.2,51.95
52.3,124898262.5,51.5,2012-12-21,54.0,51.5
52.0,52764280.5,52.0,2012-12-26,52.4,52.0
53.0,61275029.0,52.5,2012-12-27,53.0,52.2
53.0,79202997.0,52.95,2012-12-28,53.5,52.8
52.9,25277791.5,52.9,2013-01-02,53.1,52.85
53.0,40718562.0,53.15,2013-01-03,53.5,52.9
53.0,123243670.0,53.5,2013-01-04,54.2,53.0
54.4,165283404.5,54.0,2013-01-07,54.4,53.75
54.05,147916425.0,54.1,2013-01-08,54.2,54.0
54.05,117646902.5,55.1,2013-01-09,56.0,54.0
55.5,72189944.0,55.2,2013-01-10,55.5,54.0
55.2,127958305.0,56.6,2013-01-11,56.6,55.2
56.6,95496593.0,56.8,2013-01-14,56.8,56.45
56.8,171848829.0,56.8,2013-01-15,57.0,56.55
56.85,54287199.5,55.8,2013-01-16,56.85,55.4
55.8,52752294.5,55.95,2013-01-17,56.1,55.2
55.95,136087545.5,57.0,2013-01-18,57.0,55.95
57.0,28951863.5,56.95,2013-01-21,57.0,56.85
57.0,28430997.5,55.8,2013-01-22,57.0,55.5
55.8,64389000.5,56.5,2013-01-23,56.5,55.1
56.5,73538971.5,55.65,2013-01-24,56.5,55.5
55.65,218222175.5,55.75,2013-01-25,56.0,55.1
55.8,58510619.5,56.0,2013-01-28,56.0,55.1
56.0,75943350.0,55.9,2013-01-29,56.15,55.55
56.0,172531087.5,54.1,2013-01-30,56.0,54.1
55.0,249720000.5,55.55,2013-01-31,55.6,55.0
55.55,71086001.0,55.75,2013-02-01,56.0,55.5
56.0,212542600.0,57.0,2013-02-04,57.2,56.0
57.0,69226512.5,57.5,2013-02-05,57.5,56.0
57.4,75896220.5,57.0,2013-02-06,57.4,56.9
56.85,61206365.5,57.0,2013-02-07,57.0,56.85
56.95,89417660.5,57.0,2013-02-08,57.5,56.95
57.0,63063232.5,57.35,2013-02-11,57.4,57.0
57.35,87844769.5,57.0,2013-02-12,57.45,56.95
57.0,42215803.0,57.3,2013-02-13,58.0,57.0
57.5,47017215.0,57.5,2013-02-14,57.5,57.4
57.0,27706270.5,57.8,2013-02-15,57.9,57.0
57.9,46401410.5,58.0,2013-02-18,58.0,57.5
57.95,67192119.5,58.0,2013-02-19,58.2,57.9
57.75,68643322.0,58.55,2013-02-20,58.7,57.5
58.0,77933731.0,59.9,2013-02-21,60.3,57.8
59.8,32899352.5,60.0,2013-02-22,60.0,58.0
60.0,40486730.5,60.3,2013-02-25,60.3,58.5
59.4,96669403.0,58.9,2013-02-26,60.0,58.5
58.9,85005937.0,58.0,2013-02-27,59.0,58.0
59.0,154817066.5,58.6,2013-02-28,59.0,57.8
58.4,32769989.0,59.0,2013-03-01,59.0,57.4
59.0,64630292.0,59.0,2013-03-04,59.0,57.05
58.0,102424356.0,58.7,2013-03-05,59.0,58.0
59.0,81080606.0,59.3,2013-03-06,59.5,58.8
59.3,76610172.5,59.5,2013-03-07,59.5,59.0
59.5,125130024.5,60.0,2013-03-08,61.0,59.5
60.45,98654138.0,59.3,2013-03-11,61.0,59.3
59.85,64121169.5,59.0,2013-03-12,60.0,59.0
59.1,141740468.0,59.05,2013-03-13,59.7,58.7
58.45,77486330.0,57.2,2013-03-14,58.45,57.0
57.3,162911494.0,57.3,2013-03-15,58.1,57.25
57.3,27867941.0,56.7,2013-03-18,57.3,56.7
56.7,86786608.5,56.5,2013-03-19,57.0,56.0
56.45,80469090.0,54.8,2013-03-20,57.0,54.3
55.0,177429189.5,55.75,2013-03-21,56.2,55.0
55.7,46980950.0,54.5,2013-03-22,55.8,54.5
55.5,121413659.0,54.75,2013-03-25,55.5,54.35
55.0,54954594.0,54.75,2013-03-26,55.05,54.75
54.75,242358914.0,55.15,2013-03-27,55.2,54.75
55.2,150055581.5,54.35,2013-04-01,56.9,54.35
55.0,143151300.5,53.75,2013-04-02,55.0,53.6
53.7,225667359.5,54.5,2013-04-03,54.65,53.7
55.2,294934048.0,54.7,2013-04-04,55.5,54.6
54.6,37877568.0,54.7,2013-04-05,54.7,54.2
55.0,25355227.0,54.45,2013-04-08,55.0,54.0
54.45,96413630.0,54.75,2013-04-10,54.85,54.0
54.85,85255383.0,54.85,2013-04-11,54.95,54.8
54.95,307451597.0,55.0,2013-04-12,55.0,54.85
55.0,61236268.0,54.75,2013-04-15,55.0,54.45
54.0,68868642.0,54.3,2013-04-16,54.3,53.8
54.0,61691261.5,54.35,2013-04-17,54.95,54.0
54.8,63698638.5,55.0,2013-04-18,55.0,54.0
55.0,44015529.5,54.7,2013-04-19,55.0,54.2
54.7,84356148.5,58.2,2013-04-22,58.2,54.7
56.0,67469968.5,55.0,2013-04-23,56.9,55.0
55.1,78535053.0,55.95,2013-04-24,56.3,55.1
55.5,60516669.0,57.0,2013-04-25,57.1,55.2
57.0,78154185.5,57.0,2013-04-26,57.1,56.9
57.15,29552237.5,56.9,2013-04-29,57.15,56.7
57.0,92680627.0,57.0,2013-04-30,57.0,56.9
57.4,50712612.5,56.95,2013-05-02,57.4,56.9
57.6,100339279.0,58.4,2013-05-03,58.5,57.6
58.4,60590038.5,56.65,2013-05-06,58.6,56.65
56.8,56647755.0,57.0,2013-05-07,58.0,56.75
57.0,101553401.0,57.0,2013-05-08,57.3,56.9
56.9,96780937.0,56.9,2013-05-09,57.0,56.1
55.8,104750032.0,57.0,2013-05-10,57.0,55.8
57.0,69145033.5,56.05,2013-05-14,57.0,55.0
56.2,102461874.5,56.85,2013-05-15,56.95,56.2
56.95,76522464.0,56.0,2013-05-16,56.95,55.95
56.0,58429084.5,56.0,2013-05-17,56.1,55.05
56.0,70929916.5,55.5,2013-05-20,56.5,55.5
56.0,34597431.0,56.8,2013-05-21,56.9,55.65
56.8,52024593.0,56.95,2013-05-22,56.95,56.0
56.95,38558982.0,56.75,2013-05-23,56.95,55.8
56.75,33673878.5,56.5,2013-05-24,56.75,56.0
56.45,107104663.0,54.3,2013-05-27,56.45,53.8
53.95,96364337.5,53.8,2013-05-28,53.95,53.5
54.55,117201147.0,56.5,2013-05-29,56.5,54.0
56.4,64169065.0,54.1,2013-05-30,56.4,53.5
54.1,204042114.0,54.0,2013-05-31,54.1,52.9
53.95,203503257.0,52.35,2013-06-03,53.95,51.7
53.0,115914056.5,54.7,2013-06-04,54.7,52.35
54.4,113636519.0,52.0,2013-06-05,54.4,51.6
51.5,47570225.0,52.95,2013-06-06,53.2,51.0
52.95,349401261.0,52.0,2013-06-07,53.0,52.0
52.0,249289702.5,53.0,2013-06-10,53.4,52.0
53.0,80359166.5,52.0,2013-06-11,53.0,50.6
52.0,444539902.0,47.5,2013-06-13,52.0,47.0
47.9,373434325.0,48.6,2013-06-14,50.0,47.9
48.6,259261520.0,48.0,2013-06-17,48.6,47.9
48.9,48762325.0,49.2,2013-06-18,50.4,48.5
50.0,42007550.0,47.55,2013-06-19,50.2,47.55
47.55,62828745.0,46.3,2013-06-20,47.6,46.3
45.5,106707640.0,44.5,2013-06-21,45.5,44.5
44.25,134901970.0,42.5,2013-06-24,44.25,42.5
42.5,163584895.0,40.0,2013-06-25,43.9,40.0
41.5,124243715.0,45.95,2013-06-26,45.95,41.5
46.0,177585630.0,48.5,2013-06-27,48.75,46.0
48.65,214707770.0,50.2,2013-06-28,50.35,48.65
50.8,56361380.0,50.3,2013-07-01,50.8,46.0
48.2,83151817.0,50.5,2013-07-02,50.5,48.2
50.4,73468246.5,49.0,2013-07-03,50.5,48.3
49.0,31448300.0,49.1,2013-07-04,50.4,48.6
48.4,51890100.0,50.0,2013-07-05,50.0,48.4
49.9,36106468.0,49.0,2013-07-08,49.9,48.0
48.0,37758235.0,50.0,2013-07-09,50.0,47.8
49.5,37103513.5,49.4,2013-07-10,49.65,48.2
49.5,92358425.0,48.0,2013-07-11,49.5,47.95
48.95,61256840.0,50.0,2013-07-12,50.0,48.95
50.0,20570481.5,50.75,2013-07-15,50.75,49.7
50.0,45551735.0,50.0,2013-07-16,51.0,49.6
49.95,34890519.5,50.5,2013-07-17,50.5,48.3
50.0,33996162.5,50.5,2013-07-18,50.75,49.3
51.0,39085401.5,49.0,2013-07-19,51.0,49.0
49.0,23634460.0,49.0,2013-07-22,49.9,49.0
49.7,78879595.0,50.95,2013-07-23,50.95,49.0
50.95,56841346.5,50.95,2013-07-24,51.0,50.05
51.0,21758532.0,50.95,2013-07-25,51.0,50.5
50.95,7682179.5,50.95,2013-07-26,51.0,50.5
50.5,17155419.0,50.25,2013-07-29,50.95,50.25
50.95,51189203.0,50.8,2013-07-30,50.95,50.5
50.25,53345543.0,50.3,2013-07-31,50.65,50.0
50.65,40763741.5,50.0,2013-08-01,50.9,49.8
50.0,49962110.0,50.0,2013-08-02,50.9,50.0
50.0,23573530.5,48.3,2013-08-05,50.0,48.3
49.85,49215725.0,48.05,2013-08-06,49.85,48.05
48.05,127564620.0,46.5,2013-08-07,48.05,46.0
47.35,33002305.0,47.0,2013-08-08,47.35,45.3
47.0,25682730.0,48.5,2013-08-12,48.6,46.8
48.0,38021670.0,48.45,2013-08-13,48.45,47.2
48.45,24573750.0,49.6,2013-08-14,49.6,47.6
48.75,38385910.0,49.5,2013-08-15,49.5,48.25
49.2,29349945.0,48.0,2013-08-16,49.2,47.95
45.0,146996250.0,43.6,2013-08-22,45.0,43.5
44.5,57027165.0,45.95,2013-08-23,45.95,43.65
43.55,106645700.0,42.8,2013-08-27,44.8,42.05
42.5,175200850.0,41.25,2013-08-28,42.5,40.0
41.3,41754350.0,43.7,2013-08-29,44.5,41.3
43.7,179258830.0,46.0,2013-08-30,47.0,43.5
46.0,33900675.0,45.0,2013-09-02,46.95,44.25
45.5,32209890.0,46.7,2013-09-03,46.7,44.2
46.7,30758360.0,45.2,2013-09-04,46.7,45.0
45.0,43247350.0,44.9,2013-09-05,45.5,43.5
44.75,25286000.0,45.4,2013-09-06,45.5,44.45
45.35,48383345.0,45.45,2013-09-09,46.0,45.0
47.2,110992145.0,46.25,2013-09-10,47.2,46.25
47.1,248857000.0,48.0,2013-09-11,48.1,47.0
48.05,44976455.0,48.2,2013-09-12,48.5,47.9
48.2,38925310.0,48.5,2013-09-13,48.5,46.5
48.45,72676165.0,48.5,2013-09-16,49.45,48.3
48.5,62490870.0,49.0,2013-09-17,49.5,48.5
49.45,140095650.0,49.45,2013-09-18,49.55,49.0
49.6,152067680.0,47.2,2013-09-19,49.8,47.2
48.75,92031400.0,47.65,2013-09-20,49.2,47.65
47.65,67494405.0,49.0,2013-09-23,49.0,47.2
48.9,104071035.0,49.0,2013-09-24,49.0,47.6
48.2,133521350.0,48.5,2013-09-25,49.0,48.0
48.5,92603415.0,48.5,2013-09-26,48.95,48.0
48.9,40462825.0,47.1,2013-09-27,48.9,47.1
47.2,100326900.0,45.0,2013-09-30,47.3,45.0
45.0,58620385.0,45.7,2013-10-01,45.95,45.0
45.7,127462100.0,47.95,2013-10-02,48.0,45.6
46.3,50999815.0,47.8,2013-10-03,48.2,46.3
47.7,30110685.0,47.7,2013-10-04,47.75,47.15
47.95,53848810.0,48.1,2013-10-07,48.5,47.95
48.1,14863270.0,47.5,2013-10-08,48.1,47.5
48.0,38977055.0,46.2,2013-10-09,48.0,45.75
46.3,52617885.0,46.85,2013-10-10,47.3,46.05
47.2,50881930.0,47.9,2013-10-11,47.95,47.0
46.5,20503145.0,46.8,2013-10-14,48.0,46.5
47.9,53361360.0,48.0,2013-10-16,48.0,47.5
48.4,58773305.0,49.0,2013-10-17,49.0,48.4
49.0,70195455.0,50.5,2013-10-18,50.5,49.0
50.0,110170678.0,50.0,2013-10-21,50.4,49.75
50.05,124229601.5,50.05,2013-10-22,51.5,50.0
51.0,89166077.5,51.8,2013-10-23,52.25,50.2
51.45,19305551.0,51.5,2013-10-24,51.95,50.95
51.05,49835329.0,50.6,2013-10-25,51.8,50.0
50.6,31354549.0,50.2,2013-10-29,50.6,49.9
51.1,39308890.5,52.0,2013-10-30,52.0,50.0
50.15,55040703.5,50.85,2013-10-31,52.0,50.15
50.2,13536179.5,50.6,2013-11-04,51.2,49.5
50.0,18576255.0,50.5,2013-11-05,51.5,50.0
50.5,48698465.0,50.7,2013-11-06,50.8,50.5
51.1,63052000.0,50.95,2013-11-07,51.1,50.6
50.5,60745946.5,49.55,2013-11-08,50.6,49.55
49.35,74511070.0,48.5,2013-11-11,50.0,48.5
48.8,25309600.0,49.25,2013-11-12,50.0,48.8
48.7,29306130.0,49.85,2013-11-13,49.85,48.5
49.0,23437975.0,49.7,2013-11-14,50.1,49.0
49.7,32181565.0,49.85,2013-11-15,49.95,48.8
50.5,55741265.0,50.0,2013-11-18,50.5,49.9
49.5,44695433.0,51.0,2013-11-19,51.0,48.8
50.0,65850308.5,51.0,2013-11-20,51.1,50.0
49.0,25871023.0,51.0,2013-11-21,51.0,49.0
51.0,50289591.0,51.5,2013-11-22,51.8,50.95
51.5,15832383.5,52.0,2013-11-25,52.0,50.5
52.0,137262672.0,52.8,2013-11-26,52.8,51.45
52.8,110248474.0,52.9,2013-11-27,53.0,51.7
52.9,132428565.0,53.35,2013-11-28,53.4,52.2
53.55,85897730.5,54.0,2013-11-29,54.0,53.35
53.95,85600849.0,54.3,2013-12-02,54.35,53.5
54.4,102621217.0,54.9,2013-12-03,54.9,54.35
54.9,133351844.0,54.8,2013-12-04,55.5,54.25
54.75,67655669.5,54.75,2013-12-05,54.8,54.0
54.75,63759604.0,54.65,2013-12-06,54.9,53.95
54.95,51210380.5,54.95,2013-12-09,54.95,54.8
55.0,97799960.5,52.15,2013-12-10,55.0,52.15
52.2,38183506.5,54.5,2013-12-11,54.5,52.2
54.5,125357913.5,54.25,2013-12-12,54.5,52.25
53.0,101661360.5,53.8,2013-12-13,53.8,52.3
52.35,187208176.5,53.6,2013-12-16,53.75,52.35
54.2,93643183.0,54.15,2013-12-17,54.2,53.5
54.35,214516151.5,55.0,2013-12-18,55.05,53.2
55.05,55955820.0,53.75,2013-12-19,55.5,53.75
54.65,49472387.5,53.95,2013-12-20,54.65,53.3
55.0,40387800.5,53.15,2013-12-23,55.0,53.1
53.15,25606206.0,53.3,2013-12-26,54.0,53.15
53.5,64177780.0,54.55,2013-12-27,54.55,53.5
54.65,17711289.0,54.9,2014-01-02,55.0,54.0
54.0,49568689.0,53.5,2014-01-03,54.15,53.2
53.55,26666771.5,54.4,2014-01-06,54.5,53.5
54.4,60961224.0,54.35,2014-01-07,54.4,53.6
53.3,15704107.5,54.5,2014-01-08,54.55,53.3
54.15,15338567.0,54.2,2014-01-09,54.2,53.3
54.15,35108964.5,51.5,2014-01-10,54.15,51.5
51.65,53598646.0,52.35,2014-01-13,53.0,51.65
52.0,30867618.0,53.0,2014-01-14,53.0,52.0
52.0,20376833.5,54.2,2014-01-15,54.2,52.0
54.2,25404165.5,53.3,2014-01-16,54.2,53.25
54.2,6860542.0,52.75,2014-01-17,54.2,52.75
52.75,10464181.5,53.0,2014-01-20,53.85,52.75
53.5,21081942.0,52.6,2014-01-21,53.7,52.5
52.6,76297477.0,54.75,2014-01-22,55.0,52.6
54.15,20273021.5,54.5,2014-01-23,54.75,54.15
53.9,124481145.5,54.2,2014-01-24,54.5,53.0
53.1,68216767.0,52.6,2014-01-27,53.25,52.5
52.35,39753539.5,51.9,2014-01-28,52.5,51.65
51.95,129760754.5,52.0,2014-01-29,52.8,51.6
51.5,177397446.5,52.0,2014-01-30,53.5,50.5
51.95,96640595.0,51.5,2014-02-03,51.95,51.1
51.35,51172682.0,50.1,2014-02-04,51.35,50.05
50.15,74037167.5,50.55,2014-02-05,51.05,50.15
50.2,68415220.5,50.5,2014-02-06,51.0,50.2
51.0,73798761.5,52.6,2014-02-07,52.6,51.0
52.55,34456682.0,52.55,2014-02-10,52.75,52.2
52.5,72921066.5,54.9,2014-02-11,54.9,52.5
54.0,231701849.5,55.0,2014-02-12,55.15,54.0
55.0,55453649.0,55.0,2014-02-13,55.0,54.0
55.1,21963608.0,55.0,2014-02-14,55.1,55.0
55.0,62545532.5,55.25,2014-02-17,55.4,55.0
55.25,47908884.0,55.0,2014-02-18,55.45,55.0
54.85,93863964.5,55.45,2014-02-19,55.55,54.85
55.6,101625219.0,56.2,2014-02-20,56.25,55.2
56.2,77108347.5,56.25,2014-02-21,56.5,55.65
56.3,104200106.0,56.25,2014-02-24,56.35,56.15
56.3,125757537.0,56.2,2014-02-25,56.4,56.0
56.3,46240538.0,57.45,2014-02-26,57.5,56.0
57.45,104027743.5,57.3,2014-02-27,57.45,57.0
57.0,180725512.5,59.0,2014-02-28,59.0,56.05
57.4,65588810.5,58.55,2014-03-03,59.2,57.4
58.55,115184018.0,59.5,2014-03-04,59.7,58.55
59.45,124306166.0,60.2,2014-03-05,60.3,59.45
60.2,105468159.5,61.0,2014-03-06,61.3,60.1
61.0,64956090.0,60.0,2014-03-07,61.6,59.75
59.75,101153990.0,60.0,2014-03-10,61.0,59.45
60.0,80918598.5,61.5,2014-03-11,61.5,60.0
61.5,111999764.5,60.15,2014-03-12,61.5,59.8
60.0,20628101.0,59.0,2014-03-13,60.0,58.55
58.2,73314479.5,59.0,2014-03-14,59.0,57.25
59.0,105938511.5,59.85,2014-03-17,59.85,57.75
59.8,120248425.0,60.2,2014-03-18,60.35,58.1
60.25,976877366.0,60.2,2014-03-19,60.95,59.1
58.0,302428442.0,58.4,2014-03-20,59.0,58.0
58.85,297664819.5,55.55,2014-03-21,58.85,55.5
56.4,57066404.5,56.95,2014-03-24,57.4,56.2
56.4,57652987.5,55.95,2014-03-25,56.4,55.6
55.9,86339293.5,56.0,2014-03-26,56.4,55.5
55.55,65440447.0,55.2,2014-03-27,56.4,54.9
54.6,140661872.0,55.5,2014-03-28,56.1,54.6
55.55,170015891.5,56.0,2014-03-31,56.5,55.55
56.0,78269305.5,56.9,2014-04-01,56.9,55.95
56.95,104704146.5,56.95,2014-04-02,57.1,56.8
57.0,118141233.5,57.3,2014-04-03,57.95,56.75
57.9,30794241.5,56.1,2014-04-04,57.9,56.1
56.45,65561389.5,57.2,2014-04-07,57.2,56.1
57.2,119343751.5,57.3,2014-04-08,57.85,57.0
57.45,93552935.0,57.35,2014-04-10,57.9,57.15
57.5,111337324.0,57.35,2014-04-11,57.55,57.1
57.45,19237583.5,57.5,2014-04-14,57.55,57.2
57.95,59940922.0,58.05,2014-04-15,58.3,57.5
58.0,104796187.5,57.9,2014-04-16,58.2,57.85
58.1,277340299.5,58.05,2014-04-21,58.45,57.9
58.05,138898080.0,58.2,2014-04-22,59.05,58.05
58.95,55481291.5,58.3,2014-04-23,59.15,58.1
58.3,50341382.5,59.0,2014-04-24,59.05,58.05
58.5,52186274.0,57.1,2014-04-25,59.0,57.1
57.1,20077060.0,56.3,2014-04-28,57.1,56.3
56.3,79089729.5,56.6,2014-04-29,56.8,56.3
56.6,143683459.5,56.6,2014-04-30,56.65,56.5
56.6,69329026.5,56.6,2014-05-02,56.6,56.5
56.6,135291470.0,56.55,2014-05-05,56.6,56.55
56.55,128976561.0,56.55,2014-05-06,56.7,56.5
56.55,76202812.0,56.55,2014-05-07,56.6,56.15
56.45,55793789.5,56.05,2014-05-08,56.5,56.05
56.4,161817383.5,56.5,2014-05-09,56.7,56.4
56.5,35022443.5,56.5,2014-05-12,56.6,56.1
56.9,83778667.0,56.75,2014-05-13,57.0,56.5
56.95,124101383.0,56.9,2014-05-14,57.05,56.6
56.9,31420545.5,57.0,2014-05-15,57.0,56.6
57.0,117459327.0,57.0,2014-05-16,58.2,56.2
57.0,75069990.5,57.0,2014-05-19,57.2,56.1
57.05,372548691.0,57.0,2014-05-20,57.05,56.95
57.0,26590180.0,56.1,2014-05-21,57.0,56.05
56.1,150457023.0,56.95,2014-05-22,56.95,56.1
57.0,475792899.0,56.7,2014-05-23,57.0,56.3
56.7,28406163.0,56.65,2014-05-26,57.0,56.3
56.65,9310247.0,57.0,2014-05-27,57.0,56.2
57.0,36571480.5,56.8,2014-05-28,57.0,56.05
56.8,45760845.5,56.5,2014-05-29,56.8,56.0
55.8,269263011.5,54.2,2014-05-30,55.85,54.2
55.2,65299059.0,55.2,2014-06-02,55.2,54.5
55.4,114655650.5,56.2,2014-06-03,56.2,55.2
56.65,32387049.0,55.2,2014-06-04,56.65,55.2
55.5,86547700.0,55.2,2014-06-05,55.5,54.5
55.2,38631743.0,55.2,2014-06-06,56.0,54.9
55.2,31407219.0,55.9,2014-06-09,56.0,55.15
55.9,64457355.5,56.15,2014-06-10,56.3,54.8
56.4,186668840.5,56.7,2014-06-11,57.0,55.0
56.0,57024326.0,55.85,2014-06-13,56.9,55.5
56.8,116796109.5,54.95,2014-06-16,56.8,54.8
54.95,54988833.5,54.8,2014-06-17,55.0,53.9
54.8,136255119.5,56.0,2014-06-18,56.0,54.6
56.0,28731694.5,55.8,2014-06-19,56.0,54.1
55.55,63257524.0,56.4,2014-06-20,56.9,54.5
56.6,45344094.5,55.15,2014-06-23,56.6,54.7
55.2,32048127.5,55.5,2014-06-24,55.95,55.2
55.5,44611222.0,55.55,2014-06-25,55.95,55.5
55.95,85227952.0,56.4,2014-06-26,56.4,55.85
56.4,31769238.5,56.05,2014-06-27,56.4,55.2
56.05,27966901.0,56.0,2014-06-30,56.05,55.5
55.95,9474197.0,56.45,2014-07-01,56.45,55.75
56.45,20996034.5,56.5,2014-07-02,56.5,56.0
56.6,77341006.5,56.9,2014-07-03,56.9,56.6
56.3,68443499.5,56.9,2014-07-04,56.95,56.3
56.9,102765845.5,56.8,2014-07-07,56.9,56.8
56.15,42957916.5,55.75,2014-07-08,56.85,55.75
56.0,139862068.0,54.5,2014-07-09,56.0,54.5
55.0,66154563.0,55.05,2014-07-10,55.7,54.75
55.05,63314294.5,55.5,2014-07-11,55.5,55.0
55.5,56951306.0,55.5,2014-07-14,55.9,54.7
55.95,113144378.0,54.7,2014-07-15,55.95,54.4
54.7,45586533.5,55.9,2014-07-17,55.9,54.7
55.85,38863240.5,55.75,2014-07-18,56.0,55.65
56.0,66940034.0,55.8,2014-07-21,56.0,55.5
55.95,71028976.5,56.0,2014-07-22,56.0,54.6
56.0,29535527.5,55.95,2014-07-23,56.0,55.9
55.95,25266538.5,55.9,2014-07-24,56.0,55.9
55.9,62247171.0,55.95,2014-07-25,56.0,55.6
55.5,33348265.0,55.9,2014-07-28,56.0,55.5
55.9,65086259.0,55.95,2014-07-30,56.0,54.8
55.9,111514551.5,55.15,2014-07-31,56.0,54.55
55.6,46452930.5,55.95,2014-08-01,55.95,54.15
55.0,107994833.5,56.2,2014-08-04,56.45,55.0
56.2,30738961.5,56.15,2014-08-05,56.25,55.95
55.95,36428391.5,55.95,2014-08-06,56.15,55.5
55.9,23731401.0,56.5,2014-08-07,56.9,55.9
56.5,38527002.5,56.35,2014-08-08,56.8,55.65
56.35,58982312.0,56.8,2014-08-11,56.85,56.35
56.55,21584253.0,56.7,2014-08-12,56.8,56.55
56.55,105000778.0,56.4,2014-08-13,56.8,55.7
56.75,81975581.5,56.3,2014-08-14,56.75,55.3
56.3,54976725.0,55.85,2014-08-15,56.3,55.4
55.95,18863933.5,56.0,2014-08-18,56.8,55.95
55.5,89420836.0,55.7,2014-08-19,56.0,55.5
56.25,209609680.5,55.9,2014-08-20,56.25,55.75
56.25,79858430.5,56.4,2014-08-22,56.4,55.65
56.4,47731633.5,55.9,2014-08-26,56.4,55.3
55.9,70131724.5,56.4,2014-08-27,56.4,55.9
56.0,70031093.0,56.0,2014-08-28,56.8,55.95
56.0,773785442.5,54.75,2014-08-29,56.0,54.55
54.9,197050347.5,55.0,2014-09-01,56.0,54.75
55.1,361045413.5,55.9,2014-09-02,56.2,55.1
56.0,108272007.5,55.95,2014-09-03,56.2,55.25
56.2,20249396.5,55.8,2014-09-04,56.2,55.65
55.8,181630773.5,55.5,2014-09-05,55.8,55.25
56.05,85963582.5,55.45,2014-09-08,56.05,55.35
55.45,40420951.0,55.6,2014-09-09,55.75,55.3
55.5,71690832.0,55.5,2014-09-10,55.7,55.3
56.0,24069165.0,55.5,2014-09-11,56.0,55.5
55.75,42684653.5,55.55,2014-09-12,55.75,55.5
56.0,18840497.0,55.55,2014-09-15,56.0,55.3
55.75,76489152.0,55.5,2014-09-16,55.75,55.25
55.8,24304779.0,55.3,2014-09-17,56.8,55.3
55.5,37863929.0,55.7,2014-09-18,55.7,55.5
55.7,107208563.0,55.6,2014-09-22,55.7,55.1
55.1,49233202.0,55.15,2014-09-23,55.6,55.1
55.0,60641695.0,55.1,2014-09-24,55.55,55.0
55.9,69862872.0,55.0,2014-09-25,55.95,55.0
55.0,67603132.5,54.5,2014-09-26,55.8,54.4
54.5,47644280.0,55.0,2014-09-29,55.0,54.0
54.15,80022858.5,53.9,2014-09-30,54.95,53.9
53.9,67143874.0,53.8,2014-10-01,54.8,52.9
52.75,77434583.0,52.95,2014-10-02,52.95,52.4
52.2,31547026.5,53.15,2014-10-03,53.45,52.2
53.15,53692971.0,53.5,2014-10-07,53.7,53.15
53.1,47963389.5,52.9,2014-10-08,53.2,52.6
53.1,11402820.0,53.0,2014-10-09,53.1,53.0
53.0,69976867.0,53.2,2014-10-10,53.2,52.3
52.2,144245508.0,50.6,2014-10-13,53.3,50.6
50.4,204767713.5,49.5,2014-10-14,50.6,49.5
49.75,98272385.0,49.05,2014-10-15,50.0,49.05
49.3,108397625.0,51.0,2014-10-16,51.5,49.3
51.65,142211243.5,49.45,2014-10-17,51.65,49.45
51.0,58733245.0,49.5,2014-10-20,51.0,49.5
49.5,83871175.0,49.5,2014-10-21,49.7,49.05
49.65,39160945.0,51.2,2014-10-22,51.2,49.65
50.95,63206225.0,50.15,2014-10-23,50.95,49.8
50.15,8900036.0,49.6,2014-10-24,50.9,49.5
49.6,29430760.0,50.5,2014-10-27,50.5,49.5
50.5,8515637.5,50.35,2014-10-28,51.0,49.5
49.85,68732836.0,50.85,2014-10-29,50.95,49.85
50.8,67545235.0,52.5,2014-10-30,52.5,50.8
52.4,75784787.0,52.0,2014-10-31,52.4,51.8
52.95,88820975.5,52.75,2014-11-03,53.3,52.4
53.35,57199554.0,52.0,2014-11-04,53.35,52.0
52.2,45756988.0,52.1,2014-11-05,52.2,52.0
52.1,21395154.0,52.05,2014-11-06,52.1,51.95
52.05,19670359.5,52.0,2014-11-07,52.5,52.0
52.5,54598697.0,50.55,2014-11-10,52.5,50.55
50.6,50784698.0,51.8,2014-11-11,51.95,50.6
51.5,45222241.5,52.0,2014-11-12,52.0,51.3
52.0,24718102.5,51.9,2014-11-13,52.3,51.8
51.9,47482288.5,51.0,2014-11-14,52.0,51.0
51.9,45260644.0,51.6,2014-11-17,51.9,50.7
51.0,67392526.5,52.7,2014-11-18,52.7,51.0
52.7,81251268.0,52.25,2014-11-19,52.75,52.0
52.8,50929325.5,52.7,2014-11-20,52.8,52.2
52.5,43825063.5,53.2,2014-11-21,53.2,52.4
53.2,61830193.5,53.05,2014-11-24,53.2,53.0
53.1,56355466.5,52.5,2014-11-25,53.1,52.5
52.5,84855809.0,52.55,2014-11-26,52.75,52.4
51.8,44950820.0,52.45,2014-11-27,53.0,51.8
52.35,44827563.5,52.5,2014-11-28,52.5,51.55
52.0,41855755.5,53.0,2014-12-01,53.05,51.8
53.2,118725767.0,53.7,2014-12-02,53.8,52.05
53.7,62987333.0,53.8,2014-12-03,53.9,53.35
53.8,35506841.5,52.0,2014-12-04,53.8,52.0
52.25,58635393.5,51.7,2014-12-05,52.45,51.4
52.5,12936184.0,52.0,2014-12-09,52.8,51.7
51.5,83359587.0,52.9,2014-12-10,52.95,51.5
51.5,46835297.5,51.65,2014-12-11,52.5,51.25
51.5,60121031.5,52.8,2014-12-12,52.8,51.5
51.5,58737294.5,53.0,2014-12-15,53.0,51.0
51.45,22486639.0,51.3,2014-12-16,52.4,51.3
51.3,99440619.5,48.9,2014-12-17,51.35,48.9
49.2,114806320.0,51.5,2014-12-18,51.5,48.1
51.5,68052725.5,52.05,2014-12-19,53.1,51.0
51.7,25339816.5,51.7,2014-12-22,52.45,51.7
52.2,77665278.5,52.2,2014-12-23,52.4,52.0
52.4,105253179.5,52.7,2014-12-29,53.85,52.4
53.7,60475776.5,53.65,2015-01-05,53.7,53.45
53.65,102679650.0,53.75,2015-01-06,53.75,52.4
53.0,123903632.5,53.55,2015-01-07,53.7,52.65
53.05,120163291.5,54.0,2015-01-08,54.1,53.05
54.15,195176829.5,54.2,2015-01-09,54.25,54.15
54.2,69153983.5,54.2,2015-01-12,54.2,53.2
54.3,164958506.0,54.4,2015-01-13,54.45,54.2
54.4,140194224.0,54.95,2015-01-14,55.0,54.4
54.65,16972473.0,54.4,2015-01-19,54.95,53.8
54.4,332602061.0,54.4,2015-01-20,54.6,54.0
55.0,108533088.0,55.0,2015-01-21,55.2,54.9
55.0,107240448.0,55.0,2015-01-22,55.2,54.85
55.1,154121396.5,55.45,2015-01-23,55.5,55.1
55.45,68693965.5,55.75,2015-01-26,55.75,55.35
55.75,94557132.5,56.0,2015-01-27,56.35,55.75
56.2,341295137.5,56.55,2015-01-28,56.7,56.2
56.75,122195305.0,56.85,2015-01-29,57.9,56.5
56.7,117997265.0,56.6,2015-01-30,56.85,56.45
56.6,132011738.0,57.8,2015-02-02,58.5,56.6
57.9,61716151.0,57.55,2015-02-03,57.9,56.0
57.9,179052156.5,58.0,2015-02-04,58.0,57.6
58.0,146871588.0,57.5,2015-02-05,58.0,56.5
58.0,243649618.5,58.0,2015-02-06,58.05,57.5
58.0,43076421.0,57.1,2015-02-09,58.0,56.8
57.0,320005361.5,57.9,2015-02-10,58.0,57.0
58.0,41654217.5,57.9,2015-02-11,58.0,56.4
57.9,79471896.5,57.9,2015-02-12,57.9,57.05
58.0,90527917.0,57.8,2015-02-13,58.0,57.1
57.6,33418460.5,57.1,2015-02-16,57.6,57.0
57.65,35902553.5,57.35,2015-02-17,57.65,57.05
57.35,24849633.5,56.8,2015-02-18,57.4,56.8
56.8,124884744.0,57.9,2015-02-20,57.9,56.1
57.8,35951378.0,57.5,2015-02-23,57.8,57.0
57.8,80750514.0,57.95,2015-02-24,58.0,57.7
57.95,69522655.5,58.0,2015-02-25,58.0,57.7
57.05,66884039.5,58.0,2015-02-26,58.0,57.0
57.95,92853809.5,56.85,2015-02-27,58.05,56.0
56.85,66358966.0,58.0,2015-03-02,58.0,56.8
58.2,54751162.5,57.0,2015-03-03,58.2,57.0
57.1,69382003.0,58.0,2015-03-04,58.5,57.1
58.0,93966721.0,58.1,2015-03-05,58.2,57.3
58.1,42221248.5,59.0,2015-03-06,59.0,58.0
59.0,43756420.0,58.5,2015-03-09,59.0,58.0
58.5,40087276.0,58.6,2015-03-10,59.0,58.0
58.6,97893133.5,58.6,2015-03-11,58.6,57.5
58.8,63144186.5,58.3,2015-03-12,58.8,57.8
57.9,73970846.5,57.0,2015-03-13,58.2,56.1
57.0,80008224.0,57.4,2015-03-16,58.5,56.8
57.4,65868561.0,57.7,2015-03-17,58.4,57.0
57.65,53766550.5,57.1,2015-03-18,58.0,57.0
56.95,94096656.5,56.0,2015-03-19,56.95,56.0
55.9,117133225.0,55.75,2015-03-20,56.35,55.5
56.95,30714797.0,56.4,2015-03-23,56.95,55.55
56.4,60021299.5,56.95,2015-03-24,56.95,55.55
56.95,54095167.5,56.9,2015-03-25,56.95,55.05
56.9,28078488.5,57.0,2015-03-26,57.0,55.6
57.05,93321466.0,57.05,2015-03-27,57.3,56.55
57.5,131532290.0,57.1,2015-03-30,59.2,57.1
57.5,220946581.5,58.0,2015-03-31,58.15,57.5
58.2,69175637.0,57.5,2015-04-01,58.45,56.85
56.85,128507531.5,58.05,2015-04-06,58.05,56.85
58.3,47263305.0,58.0,2015-04-07,58.8,57.95
58.0,36089726.0,57.8,2015-04-08,58.15,57.5
57.1,54062286.5,58.1,2015-04-10,58.85,57.1
58.1,39190035.0,58.1,2015-04-13,58.2,57.8
57.55,57898488.5,58.0,2015-04-14,58.0,57.55
57.95,53475696.5,58.0,2015-04-15,58.0,57.0
57.45,156681366.0,56.7,2015-04-16,57.45,55.1
56.7,67168915.5,58.5,2015-04-17,58.5,56.7
58.5,59241381.0,57.0,2015-04-20,58.5,56.1
57.9,41588418.0,57.85,2015-04-21,58.0,57.0
57.8,53358245.0,57.85,2015-04-22,57.85,55.25
57.8,57660451.5,57.95,2015-04-23,58.0,57.3
57.85,75191108.5,58.0,2015-04-24,58.35,57.6
58.4,168846725.5,58.0,2015-04-27,58.4,57.8
58.3,61368153.5,58.05,2015-04-28,58.3,58.0
58.05,87560412.5,57.2,2015-04-29,58.05,57.0
57.2,120048627.5,56.65,2015-04-30,57.7,54.5
57.0,62435411.5,57.0,2015-05-04,57.0,56.0
57.6,208895071.5,57.5,2015-05-05,57.6,57.3
57.5,44708866.5,57.5,2015-05-06,57.5,57.0
56.8,50599145.5,56.8,2015-05-07,58.0,55.6
57.3,76363650.0,57.65,2015-05-08,57.9,57.3
57.65,38022415.0,57.9,2015-05-11,57.9,57.55
57.45,80374071.0,57.75,2015-05-12,58.0,56.5
56.75,52278660.5,57.95,2015-05-13,58.0,56.75
56.9,93673919.5,57.25,2015-05-14,57.95,56.2
57.9,61927233.0,57.65,2015-05-15,57.9,57.2
57.6,60287531.5,57.5,2015-05-18,57.7,57.5
57.8,49609052.5,57.6,2015-05-19,57.95,57.5
57.35,100944204.5,56.5,2015-05-20,58.2,56.3
57.45,36633634.0,57.0,2015-05-21,57.45,56.55
57.4,42318191.0,57.45,2015-05-22,57.45,56.8
57.45,19187298.5,57.4,2015-05-25,57.45,57.2
57.4,47817466.0,57.2,2015-05-26,57.5,57.0
57.0,70971153.0,57.0,2015-05-27,57.5,56.5
57.0,44234047.0,56.95,2015-05-28,57.0,55.6
56.4,273858137.0,56.0,2015-05-29,57.8,56.0
57.4,48426751.5,57.35,2015-06-01,57.5,55.6
56.3,76274285.5,57.05,2015-06-02,57.2,55.95
56.0,403511817.5,56.5,2015-06-03,57.0,56.0
56.5,166089253.0,55.8,2015-06-04,56.5,55.5
55.55,35634339.0,55.6,2015-06-05,55.9,55.5
55.6,54837912.5,54.7,2015-06-08,55.6,54.5
54.5,44384704.0,54.5,2015-06-09,55.3,53.0
54.0,78883855.5,55.4,2015-06-10,55.4,54.0
55.5,59597208.0,56.8,2015-06-11,56.8,55.25
57.2,38875478.5,56.2,2015-06-15,57.2,56.0
56.0,66532118.5,56.1,2015-06-16,56.35,55.55
56.1,48769592.5,56.3,2015-06-17,56.35,56.05
57.0,41922011.5,57.0,2015-06-18,57.0,56.2
56.05,136571684.5,56.55,2015-06-19,57.3,56.05
56.9,46332056.0,57.3,2015-06-22,57.3,56.55
57.3,52630727.5,57.0,2015-06-23,57.5,56.65
57.1,79404970.5,58.3,2015-06-24,58.3,56.65
58.25,82712857.5,56.8,2015-06-25,58.25,56.8
58.25,82712857.5,56.8,2015-06-25,58.25,56.8
57.9,42537111.5,57.9,2015-06-26,58.0,57.85
57.9,23552827.5,57.9,2015-06-29,58.0,57.0
56.65,743502140.5,58.05,2015-06-30,58.2,56.6
56.85,64869898.0,57.55,2015-07-01,57.6,56.8
57.1,108164467.0,57.0,2015-07-02,57.1,56.4
57.0,35678793.5,57.0,2015-07-03,57.2,57.0
57.45,65027118.5,58.0,2015-07-06,58.0,57.0
57.95,37330154.0,57.3,2015-07-07,57.95,57.05
57.05,133285553.0,57.1,2015-07-08,57.2,57.0
57.1,86173419.5,57.95,2015-07-09,57.95,56.8
56.3,84652171.0,57.25,2015-07-10,57.45,56.3
57.0,205464854.0,57.5,2015-07-13,57.9,57.0
57.0,205464854.0,57.5,2015-07-13,57.9,57.0
57.5,107369197.5,57.1,2015-07-14,57.75,57.05
57.4,18642236.5,57.3,2015-07-15,57.5,57.0
57.8,39481075.5,58.5,2015-07-16,58.5,57.65
57.45,24758761.5,58.0,2015-07-20,58.5,57.0
58.0,54350875.0,58.6,2015-07-21,58.6,57.2
58.65,50930751.5,58.65,2015-07-22,58.65,57.9
58.5,42832074.0,59.0,2015-07-23,59.0,58.05
58.5,42832074.0,59.0,2015-07-23,59.0,58.05
58.5,42832074.0,59.0,2015-07-23,59.0,58.05
59.0,34961860.0,57.75,2015-07-24,59.05,57.75
57.8,53822189.0,57.45,2015-07-27,57.85,57.2
57.2,53350736.0,57.8,2015-07-28,58.0,56.1
57.8,76977352.5,58.6,2015-07-29,59.0,57.8
58.95,65491029.5,58.9,2015-07-30,59.0,58.6
59.0,96879138.5,58.5,2015-07-31,59.0,57.95
59.0,87385195.5,58.3,2015-08-03,59.0,57.2
58.3,76688007.0,58.75,2015-08-04,58.75,58.3
58.9,57532414.5,58.8,2015-08-05,58.9,58.7
58.8,60079635.0,57.7,2015-08-06,58.8,57.7
58.0,43871560.0,58.0,2015-08-07,58.5,57.6
57.5,34734689.0,58.05,2015-08-10,58.5,57.5
57.55,72807456.5,57.7,2015-08-11,57.95,57.5
57.5,73781779.0,57.45,2015-08-12,57.6,57.45
57.4,172174803.5,57.55,2015-08-13,57.6,57.4
57.25,41166493.0,57.5,2015-08-14,57.5,57.2
57.25,74741571.5,57.5,2015-08-17,57.5,57.0
57.5,66581743.5,57.5,2015-08-18,57.5,57.15
57.1,52340948.0,57.5,2015-08-19,57.65,57.0
57.55,185383393.5,57.5,2015-08-20,57.55,57.05
56.8,177542040.0,53.65,2015-08-24,56.8,53.0
52.0,161335547.5,51.95,2015-08-25,52.1,50.05
51.95,166400946.0,52.8,2015-08-26,52.9,51.5
53.1,166445272.5,53.5,2015-08-27,53.9,53.1
54.0,178590351.0,55.1,2015-08-28,55.1,53.65
54.5,143869818.0,54.8,2015-09-01,55.0,54.0
55.0,66054182.5,55.7,2015-09-02,55.7,53.0
55.7,40263627.0,57.55,2015-09-03,57.55,55.6
55.3,57191757.5,57.9,2015-09-04,57.9,55.3
56.1,38840013.0,57.9,2015-09-07,58.45,56.1
58.35,50226224.5,57.65,2015-09-08,58.5,57.15
57.6,87634272.0,57.25,2015-09-09,57.8,57.0
56.05,123153006.0,58.0,2015-09-10,58.0,56.0
58.1,59296179.0,57.95,2015-09-11,58.1,56.05
57.95,55320948.5,58.0,2015-09-14,58.0,56.5
58.0,34060612.0,57.55,2015-09-15,58.1,57.1
58.0,34060612.0,57.55,2015-09-15,58.1,57.1
58.0,34060612.0,57.55,2015-09-15,58.1,57.1
58.45,130551896.5,58.0,2015-09-16,58.45,58.0
57.6,87862932.5,58.2,2015-09-17,58.4,57.6
58.5,143809415.5,57.45,2015-09-18,58.5,57.45
58.0,102371116.0,57.95,2015-09-21,58.0,57.3
58.2,79197054.5,58.0,2015-09-22,58.2,57.5
58.45,140293469.5,58.2,2015-09-23,58.45,56.5
58.2,83951623.5,57.9,2015-09-24,58.2,56.7
57.9,31781137.0,57.55,2015-09-28,58.2,56.55
57.0,114709178.5,57.6,2015-09-29,57.9,56.6
57.8,188388454.5,57.7,2015-09-30,57.9,57.65
57.8,71377151.5,56.6,2015-10-01,57.85,56.6
57.0,86775306.5,56.85,2015-10-02,57.5,56.5
56.9,143228948.0,57.25,2015-10-05,57.9,56.9
57.95,123604153.0,58.1,2015-10-06,58.1,57.95
58.1,124940383.0,57.5,2015-10-07,58.1,56.6
57.75,58358734.0,57.8,2015-10-08,58.0,57.7
58.1,68815497.5,57.5,2015-10-09,58.1,57.2
58.2,99852299.5,57.5,2015-10-12,58.4,57.35
57.9,261667520.5,56.05,2015-10-13,57.9,56.05
56.05,36990459.0,55.9,2015-10-14,56.7,55.7
56.2,56266181.0,57.4,2015-10-15,57.5,55.9
57.95,78872356.5,57.0,2015-10-16,58.0,56.5
57.0,37185947.0,57.8,2015-10-19,58.0,57.0
57.8,72973783.5,57.5,2015-10-20,57.85,56.0
56.6,53209509.0,57.7,2015-10-21,57.8,56.6
57.8,25029245.5,57.4,2015-10-22,57.8,57.0
57.5,102177512.5,57.75,2015-10-23,58.2,57.5
58.2,66281026.0,57.1,2015-10-26,58.2,57.1
57.1,82838302.5,57.0,2015-10-27,57.95,56.55
57.0,32980272.0,57.3,2015-10-28,57.8,56.7
57.0,86622116.5,58.0,2015-10-29,58.0,56.35
56.0,116058641.0,56.0,2015-10-30,57.2,56.0
57.6,41361048.0,57.05,2015-11-02,57.6,56.95
57.1,38969776.5,57.35,2015-11-03,57.7,57.1
57.35,82105459.0,56.5,2015-11-04,57.35,56.3
56.5,73641948.5,56.15,2015-11-05,56.75,56.15
56.15,24173828.5,56.15,2015-11-06,56.55,56.15
57.0,38986587.0,56.8,2015-11-09,57.0,55.9
56.9,43405764.0,56.5,2015-11-10,56.9,56.0
56.05,124043811.0,56.6,2015-11-11,56.6,56.0
56.6,116234524.0,56.8,2015-11-12,56.85,56.0
56.75,70694566.5,57.0,2015-11-13,57.3,55.9
56.0,67623577.0,55.2,2015-11-16,56.2,52.9
55.25,85208229.0,55.7,2015-11-17,57.2,55.25
57.05,144051827.5,57.85,2015-11-20,57.85,55.7
57.85,61675589.0,57.85,2015-11-23,57.85,57.0
57.85,68641685.0,56.1,2015-11-24,57.85,56.1
57.75,110155763.0,57.85,2015-11-25,57.9,56.95
57.9,118066696.0,57.75,2015-11-26,57.9,57.2
57.05,686652914.5,56.6,2015-11-27,58.3,56.6
57.45,237275469.0,57.85,2015-12-01,58.0,57.4
57.85,32347098.0,57.55,2015-12-02,58.0,56.5
57.85,26367877.5,57.7,2015-12-03,57.85,57.25
56.2,37963947.5,57.35,2015-12-04,57.55,56.2
56.75,43367663.5,57.1,2015-12-07,57.4,56.7
57.1,26856113.0,56.95,2015-12-08,57.25,56.3
56.95,18811409.5,56.7,2015-12-09,57.5,56.3
56.7,77643621.0,57.6,2015-12-10,57.6,56.35
57.0,128250226.0,54.9,2015-12-11,57.15,54.9
54.9,41650644.0,56.3,2015-12-14,56.35,52.5
56.25,45593133.5,55.9,2015-12-15,56.25,55.25
56.3,80095090.5,56.1,2015-12-16,56.3,55.35
56.3,50057766.0,56.95,2015-12-17,57.0,56.25
56.0,136218968.5,56.85,2015-12-18,57.25,56.0
56.85,74326237.0,56.5,2015-12-21,57.25,56.5
57.3,142195654.0,57.95,2015-12-22,58.0,56.9
58.0,66590662.0,57.9,2015-12-23,58.0,57.8
57.85,74574673.0,57.8,2015-12-28,57.9,57.6
57.85,64191427.0,57.95,2015-12-29,57.95,57.75
58.0,39782541.0,57.2,2016-01-04,58.0,57.2
57.95,77691497.5,57.75,2016-01-05,57.95,57.2
57.85,72366438.5,57.9,2016-01-06,58.0,57.8
57.85,79474785.5,56.0,2016-01-07,57.85,56.0
56.0,74709948.0,56.3,2016-01-08,56.7,55.1
55.25,126205920.0,54.5,2016-01-11,55.55,54.05
55.0,83530133.0,55.0,2016-01-12,55.65,55.0
55.45,69721844.0,56.1,2016-01-13,57.1,54.95
55.0,83756381.0,56.45,2016-01-14,56.6,55.0
56.45,58533511.5,56.5,2016-01-15,56.6,56.35
55.05,65971933.5,55.4,2016-01-18,55.8,55.05
55.4,26833119.0,55.15,2016-01-19,55.4,55.05
55.8,55113470.5,55.45,2016-01-20,56.0,55.0
54.2,100846856.0,54.4,2016-01-21,55.0,54.2
54.25,38379379.0,54.4,2016-01-22,54.5,53.95
54.7,78282216.5,56.95,2016-01-25,56.95,54.35
54.4,58088732.5,54.5,2016-01-26,56.1,54.4
54.5,81021813.0,57.3,2016-01-27,57.3,54.5
57.0,50608672.0,57.0,2016-01-28,57.0,56.25
57.0,221822354.5,58.5,2016-01-29,58.65,56.95
58.65,148657216.5,58.0,2016-02-01,58.65,55.05
56.2,228766862.0,56.8,2016-02-02,57.0,56.2
58.0,82376803.0,56.2,2016-02-03,58.0,55.9
56.2,42005495.5,57.25,2016-02-04,57.25,56.2
56.7,68135279.5,57.7,2016-02-05,57.95,56.7
56.5,25545062.0,57.8,2016-02-09,57.8,56.5
56.15,23459234.0,57.35,2016-02-10,57.45,56.1
57.35,24259954.5,57.9,2016-02-11,57.9,57.35
57.6,50180983.0,57.9,2016-02-12,57.95,57.6
57.2,82241991.0,57.9,2016-02-15,57.95,57.2
57.9,102130942.5,57.85,2016-02-16,57.95,57.8
57.95,90924089.5,57.85,2016-02-17,57.95,57.75
57.85,99378350.5,57.9,2016-02-18,57.95,57.8
57.95,47735671.0,57.3,2016-02-19,58.35,57.0
57.7,66455023.5,57.45,2016-02-22,57.8,57.4
58.0,49401904.5,57.95,2016-02-23,58.25,57.5
57.85,42461103.5,58.0,2016-02-24,58.05,57.55
57.55,40114985.5,57.8,2016-02-26,58.0,57.45
57.8,208862838.5,57.0,2016-02-29,57.85,56.9
57.0,64046511.5,58.1,2016-03-01,58.1,56.9
58.1,70395881.5,59.0,2016-03-02,59.0,57.45
59.05,247960779.0,60.2,2016-03-03,61.0,59.05
61.0,35685793.0,59.95,2016-03-04,61.2,59.9
60.15,55707471.0,60.15,2016-03-07,60.15,59.7
60.15,71474162.5,60.1,2016-03-08,60.3,59.85
60.15,86058088.0,60.2,2016-03-09,60.3,60.05
60.3,80683506.0,60.3,2016-03-10,61.1,60.05
60.3,63640189.0,61.0,2016-03-11,61.1,60.3
61.55,122455993.5,60.15,2016-03-14,63.55,60.15
61.8,48893195.5,60.7,2016-03-15,61.8,60.7
61.0,160929018.5,60.0,2016-03-16,62.0,60.0
60.8,56715527.0,61.5,2016-03-17,61.5,60.8
61.9,188967543.0,63.4,2016-03-18,63.5,60.8
64.0,81507215.5,64.25,2016-03-21,64.65,64.0
64.3,103439488.5,63.8,2016-03-22,64.6,61.1
62.75,75246948.5,63.05,2016-03-23,63.3,62.0
63.05,18683680.0,65.0,2016-03-28,65.0,63.05
65.0,123824656.5,64.05,2016-03-29,65.0,63.95
65.3,129756928.5,64.55,2016-03-30,65.3,64.3
64.75,182191663.0,65.0,2016-03-31,65.0,64.4
65.0,52410393.5,64.95,2016-04-01,65.0,63.75
64.95,41358296.5,64.5,2016-04-04,64.95,64.3
64.35,27641867.0,64.0,2016-04-05,64.5,63.35
64.0,85986346.5,64.0,2016-04-06,64.2,63.4
64.45,44978165.0,64.45,2016-04-07,64.45,64.0
64.45,92471351.5,64.7,2016-04-08,64.7,64.35
64.4,31066158.5,64.5,2016-04-11,64.5,64.05
64.5,44297321.5,64.5,2016-04-12,64.5,64.45
64.4,74631926.0,64.45,2016-04-13,64.5,63.9
63.4,147520972.0,64.55,2016-04-14,64.6,63.4
64.1,48945885.0,64.5,2016-04-15,64.5,64.1
64.4,95588250.0,64.0,2016-04-18,64.5,63.5
64.0,50358064.0,63.7,2016-04-19,64.0,63.4
63.7,77856752.0,63.95,2016-04-20,64.0,63.5
63.9,142242748.0,64.0,2016-04-21,64.15,63.6
63.95,57564130.0,65.0,2016-04-22,65.0,63.95
65.05,32623008.0,66.5,2016-04-25,66.5,64.75
66.5,76001188.5,65.9,2016-04-26,66.5,65.5
65.0,64338166.5,66.8,2016-04-27,66.8,64.4
66.8,106991625.5,67.0,2016-04-28,67.0,66.6
67.0,85550233.5,66.4,2016-04-29,67.0,66.1
65.6,67255846.0,66.0,2016-05-02,66.4,65.25
65.5,54933353.5,65.5,2016-05-03,66.15,65.3
65.5,96044935.0,66.3,2016-05-04,66.3,64.0
64.5,85431971.0,64.3,2016-05-05,66.0,63.5
63.65,122131914.5,64.3,2016-05-06,65.0,63.65
63.65,122131914.5,64.3,2016-05-06,65.0,63.65
64.0,150945440.5,67.5,2016-05-10,67.5,63.1
68.0,343878744.5,70.0,2016-05-11,71.5,67.8
71.4,138967475.0,70.5,2016-05-12,71.4,70.5
70.75,149061255.5,70.8,2016-05-13,71.7,70.75
68.0,151565135.0,70.35,2016-05-16,70.45,68.0
70.4,159561347.0,70.7,2016-05-17,71.65,70.4
71.0,176421139.0,70.9,2016-05-18,71.2,70.7
70.8,235161180.5,71.05,2016-05-19,71.25,70.7
71.2,341612218.0,72.0,2016-05-20,73.5,71.15
73.0,136960836.0,73.0,2016-05-23,73.4,72.0
73.0,243399014.5,73.5,2016-05-24,73.9,73.0
73.8,265627180.0,74.8,2016-05-25,75.45,73.5
74.5,245547176.0,75.5,2016-05-26,75.7,74.05
75.75,335230196.5,75.9,2016-05-27,75.9,75.65
75.9,132131454.0,78.0,2016-05-30,78.0,75.9
78.0,1953078337.0,79.0,2016-05-31,79.0,75.85
78.7,115660070.0,77.85,2016-06-01,78.7,75.0
77.85,149908264.0,76.45,2016-06-02,78.25,75.0
76.45,137175208.5,77.9,2016-06-03,78.15,76.45
77.95,124481229.0,78.0,2016-06-06,78.5,77.9
78.2,232899575.0,78.05,2016-06-07,78.2,77.9
78.05,159794146.5,77.65,2016-06-08,78.05,77.6
77.65,149081796.0,75.4,2016-06-09,77.75,74.3
75.4,181944582.5,74.85,2016-06-10,75.4,74.5
74.5,92851338.5,75.0,2016-06-13,75.0,72.7
74.95,94883305.0,72.9,2016-06-14,74.95,72.1
72.9,89795347.5,72.9,2016-06-15,73.0,72.75
72.9,118102334.0,73.0,2016-06-16,73.0,72.9
73.5,166002012.0,73.7,2016-06-17,73.7,73.4
74.0,140492982.0,73.5,2016-06-20,74.0,73.05
73.9,179250704.0,75.1,2016-06-21,75.4,73.5
74.35,76211229.5,75.6,2016-06-22,76.0,74.35
75.6,65983294.5,75.4,2016-06-23,75.6,75.3
76.0,121710929.5,74.35,2016-06-24,76.2,74.35
74.25,91350265.5,75.0,2016-06-27,75.0,73.7
76.2,50677893.5,74.05,2016-06-28,76.2,74.05
75.8,70208448.5,77.95,2016-06-29,77.95,75.4
77.95,298902132.0,77.95,2016-06-30,80.9,77.95
77.95,48162441.5,79.0,2016-07-01,80.3,77.95
79.45,67667545.0,79.1,2016-07-04,80.0,78.8
80.2,145219353.5,76.5,2016-07-05,80.2,76.0
77.25,130785009.5,78.0,2016-07-07,78.8,77.25
78.05,71843145.0,78.0,2016-07-08,79.0,78.0
79.8,148973858.0,79.2,2016-07-11,79.8,78.5
79.4,125700417.5,79.0,2016-07-12,79.4,78.5
79.0,176172097.0,78.8,2016-07-13,79.0,78.6
78.85,105074359.0,78.85,2016-07-14,78.85,77.7
79.0,178419930.5,80.0,2016-07-15,80.0,78.8
80.0,100967046.0,80.5,2016-07-18,80.5,79.3
81.2,305224315.0,83.2,2016-07-19,83.2,81.2
83.3,107613332.0,84.4,2016-07-20,84.4,83.3
84.3,114994906.5,83.0,2016-07-21,84.3,83.0
83.0,151337149.5,82.5,2016-07-22,83.0,82.0
82.55,194188949.5,82.5,2016-07-25,83.0,82.4
82.55,630493456.5,80.2,2016-07-26,82.55,78.5
80.2,160528713.0,80.15,2016-07-27,81.8,79.8
81.45,171887783.5,78.0,2016-07-28,81.45,77.4
79.0,160519247.5,78.0,2016-07-29,80.0,77.2
79.55,108639518.5,77.9,2016-08-01,79.55,77.4
77.9,118603266.5,79.8,2016-08-02,79.8,76.0
78.0,469115996.0,74.95,2016-08-03,78.0,74.35
74.95,613903439.0,75.5,2016-08-04,76.3,74.95
75.5,125303551.5,75.45,2016-08-05,76.35,75.0
76.35,160014205.5,75.2,2016-08-08,76.35,74.85
76.0,159856798.5,75.15,2016-08-09,76.0,75.0
74.95,451152650.0,74.95,2016-08-10,75.15,74.7
75.95,230242663.5,75.1,2016-08-11,75.95,74.7
75.9,125100785.5,75.0,2016-08-12,76.0,74.75
75.1,177186392.5,74.8,2016-08-15,75.1,74.7
75.3,135127040.0,75.0,2016-08-16,76.0,74.45
75.95,220109564.0,75.1,2016-08-17,77.1,74.9
75.0,146844200.5,75.0,2016-08-18,75.75,74.7
75.65,113451468.5,75.65,2016-08-19,76.5,75.5
76.0,158193846.0,75.75,2016-08-22,76.5,75.05
75.75,93234520.5,75.8,2016-08-23,75.9,75.4
75.6,139760351.5,75.3,2016-08-24,75.8,75.0
76.0,139631973.5,75.5,2016-08-25,76.5,75.25
75.5,342255844.0,75.3,2016-08-26,75.5,74.25
76.85,159657186.0,75.1,2016-08-30,76.85,74.0
75.1,278699104.5,75.0,2016-08-31,75.5,73.0
74.0,114795665.5,74.5,2016-09-01,74.9,72.5
74.5,145893952.0,74.8,2016-09-02,75.5,74.5
73.0,141231808.5,73.6,2016-09-05,74.5,73.0
73.0,141231808.5,73.6,2016-09-05,74.5,73.0
74.0,152864908.5,73.4,2016-09-06,74.0,73.4
73.8,174492036.5,72.85,2016-09-07,74.9,72.7
72.65,129349866.5,73.1,2016-09-08,73.5,72.25
73.5,79782982.5,73.6,2016-09-09,74.0,73.4
73.0,149003696.5,74.6,2016-09-13,74.6,72.0
74.55,228388893.5,74.6,2016-09-14,74.6,72.0
75.0,183726535.0,78.0,2016-09-15,78.0,72.5
77.45,269108997.0,75.1,2016-09-16,77.45,75.0
75.1,119091140.5,76.0,2016-09-19,76.0,74.9
77.0,107694581.5,76.3,2016-09-20,77.3,75.6
75.8,60575886.5,78.4,2016-09-21,78.4,75.6
78.4,137715089.5,79.2,2016-09-22,79.6,76.15
79.2,97697496.0,78.0,2016-09-23,79.25,76.8
78.0,36216628.5,77.0,2016-09-26,78.0,76.05
76.9,182857900.0,78.8,2016-09-27,78.8,74.5
77.5,41170287.5,77.1,2016-09-28,78.25,76.5
77.3,89170753.5,76.9,2016-09-29,77.3,76.55
76.8,259649668.0,75.75,2016-09-30,76.8,74.8
76.0,128945797.0,75.2,2016-10-03,76.0,75.0
75.0,177545110.5,77.6,2016-10-04,77.8,74.8
78.0,57159547.5,76.8,2016-10-05,78.0,76.5
76.5,49339627.0,77.2,2016-10-06,77.7,76.5
75.65,79412877.0,77.0,2016-10-07,77.4,75.65
77.0,22697032.5,76.8,2016-10-10,77.0,76.0
77.0,106001204.5,76.1,2016-10-11,77.1,75.2
76.1,88221246.5,75.75,2016-10-12,76.1,75.1
76.1,88221246.5,75.75,2016-10-12,76.1,75.1
75.5,98749881.0,75.25,2016-10-13,75.75,74.5
75.2,83487642.5,76.5,2016-10-14,76.5,74.95
75.05,77969907.5,75.55,2016-10-17,77.0,74.5
75.25,177512786.5,79.0,2016-10-18,79.0,74.5
78.9,198524593.5,80.0,2016-10-19,80.0,78.9
79.5,100250751.0,79.2,2016-10-20,79.5,78.05
79.2,95612366.0,78.1,2016-10-21,79.25,77.0
76.3,50482065.0,78.5,2016-10-24,78.5,76.3
78.5,143600209.0,77.25,2016-10-25,78.5,76.7
77.25,170653839.0,76.4,2016-10-26,78.0,76.0
76.55,152631552.0,76.7,2016-10-27,77.5,75.5
76.5,143917690.0,78.0,2016-10-28,78.0,75.0
76.7,170206220.0,75.8,2016-11-02,76.7,75.1
75.1,200494157.5,74.6,2016-11-03,75.8,74.1
74.45,169145684.5,76.9,2016-11-04,76.9,74.1
74.6,198872819.0,75.1,2016-11-07,76.75,74.6
76.45,232892213.0,77.0,2016-11-08,77.0,74.1
77.0,73478312.0,75.85,2016-11-09,77.0,75.1
75.3,102634330.5,75.85,2016-11-10,76.05,75.3
74.65,219889033.0,72.55,2016-11-11,75.85,72.1
72.1,160724014.0,72.2,2016-11-14,72.55,71.7
72.15,144118985.5,73.6,2016-11-15,73.95,72.15
73.6,138095541.0,73.25,2016-11-16,73.65,72.65
72.7,149242233.5,73.55,2016-11-17,75.0,72.7
74.85,79018989.0,75.0,2016-11-18,75.5,74.0
76.0,123239059.0,75.25,2016-11-21,76.0,75.0
74.8,73675420.5,73.25,2016-11-22,74.8,73.0
73.25,109348318.0,74.0,2016-11-23,74.5,72.7
73.0,58051591.0,73.4,2016-11-24,73.95,73.0
73.0,58051591.0,73.4,2016-11-24,73.95,73.0
73.0,58051591.0,73.4,2016-11-24,73.95,73.0
73.4,63738758.0,75.0,2016-11-25,75.0,72.9
74.5,99176795.0,74.0,2016-11-28,74.9,72.7
73.0,405524360.0,73.25,2016-11-29,75.0,73.0
75.0,173793439.5,73.3,2016-12-01,75.0,73.3
73.25,176055554.0,73.0,2016-12-02,73.6,70.35
73.0,71192215.5,72.0,2016-12-05,73.2,71.55
72.0,54961253.0,72.0,2016-12-06,72.6,71.55
72.0,111366747.0,74.9,2016-12-07,74.9,72.0
74.9,176047495.5,74.0,2016-12-08,74.9,72.9
75.0,60690305.0,74.3,2016-12-09,75.0,73.3
74.0,55908220.5,74.0,2016-12-12,74.3,72.6
74.8,139025093.5,73.95,2016-12-13,74.8,73.65
73.8,174765778.5,73.75,2016-12-14,74.2,72.15
74.75,49058522.5,73.1,2016-12-15,74.75,73.0
73.1,93388305.5,74.0,2016-12-16,74.0,72.15
74.0,94021871.5,72.6,2016-12-19,74.0,72.5
72.05,331649406.0,70.7,2016-12-20,72.1,70.0
70.5,186491028.0,70.15,2016-12-21,70.75,70.0
70.3,302279256.0,68.0,2016-12-22,70.3,66.55
66.5,76024523.5,66.95,2016-12-23,67.15,66.5
67.9,64942558.0,67.6,2016-12-27,68.0,66.75
68.5,90710175.5,70.9,2016-12-28,71.0,67.85
70.9,122760072.0,70.8,2016-12-29,71.25,70.0
70.7,42969832.0,70.55,2017-01-03,70.7,68.5
70.5,98980735.0,71.25,2017-01-04,71.9,68.6
71.85,153097271.0,72.5,2017-01-05,74.9,71.85
72.6,208428557.0,74.8,2017-01-06,74.9,72.6
74.8,126648974.0,74.95,2017-01-09,75.25,74.5
74.95,286920671.0,75.0,2017-01-10,75.0,74.85
74.95,74891458.0,74.9,2017-01-11,74.95,74.75
75.0,99311161.0,74.85,2017-01-12,75.0,74.75
74.85,31529961.0,74.8,2017-01-13,74.85,74.75
74.5,79723328.0,74.7,2017-01-16,74.95,74.5
74.5,94453321.5,74.3,2017-01-17,74.85,74.2
74.3,64665323.5,74.7,2017-01-18,74.85,74.3
74.8,65884782.5,74.8,2017-01-19,74.8,74.6
74.9,95896427.5,74.9,2017-01-20,74.95,74.5
74.9,104457029.0,75.0,2017-01-23,75.0,74.8
75.0,81941680.0,74.95,2017-01-24,75.0,74.9
74.95,80462877.5,74.9,2017-01-25,74.95,74.75
75.0,130502390.0,75.0,2017-01-26,75.65,74.9
75.0,79624461.5,74.8,2017-01-27,75.65,74.8
74.8,70997191.5,74.3,2017-01-30,75.0,73.85
74.3,93228332.5,74.3,2017-01-31,74.75,74.0
74.8,94656743.0,74.0,2017-02-01,74.8,73.05
74.3,91344011.0,74.05,2017-02-02,74.3,73.2
73.5,67021703.0,73.7,2017-02-03,74.2,73.15
74.0,102810029.5,74.5,2017-02-06,74.5,73.7
74.5,175167812.5,74.1,2017-02-07,74.5,74.0
74.1,165441427.0,74.0,2017-02-08,74.2,73.65
74.0,180043312.5,74.0,2017-02-09,74.1,73.7
74.0,108364721.0,72.65,2017-02-10,74.0,72.0
74.0,108364721.0,72.65,2017-02-10,74.0,72.0
73.9,94599887.0,74.0,2017-02-13,74.0,72.6
73.9,94599887.0,74.0,2017-02-13,74.0,72.6
74.0,106308383.0,73.2,2017-02-14,74.0,72.75
73.25,56742887.5,73.0,2017-02-15,73.85,72.95
73.05,160313684.5,73.8,2017-02-16,73.8,73.0
73.15,140453288.5,73.0,2017-02-17,73.6,72.45
72.8,16256921.0,72.8,2017-02-20,73.1,72.75
72.95,35200240.0,73.8,2017-02-21,73.8,72.75
73.2,54671009.5,73.8,2017-02-22,73.8,73.2
74.0,126629618.0,73.5,2017-02-23,74.0,72.3
73.7,86374424.5,73.15,2017-02-24,73.7,72.8
73.15,48221293.0,73.0,2017-02-27,73.15,73.0
73.4,130359102.5,73.45,2017-02-28,73.45,72.3
73.15,26677099.5,72.9,2017-03-01,73.35,72.5
72.4,86567377.0,72.25,2017-03-02,73.0,72.0
72.9,80753406.5,73.0,2017-03-03,73.0,72.2
73.0,59136556.0,73.5,2017-03-06,73.5,72.3
73.5,101875083.0,73.9,2017-03-07,73.9,73.0
73.45,49688245.0,73.2,2017-03-08,74.2,73.2
73.8,46507173.5,73.1,2017-03-09,73.8,73.0
73.1,82629628.5,73.85,2017-03-10,73.85,72.9
74.0,132285909.0,73.3,2017-03-13,74.0,73.1
73.3,215809498.5,73.9,2017-03-14,74.0,73.25
72.75,276950767.0,74.0,2017-03-15,74.0,72.75
74.0,75517001.5,74.45,2017-03-16,74.45,73.15
74.85,334232466.0,72.9,2017-03-17,75.2,72.9
73.8,69470962.0,74.3,2017-03-20,74.4,73.2
74.15,113565778.0,74.5,2017-03-21,74.5,73.9
74.5,102387537.5,75.0,2017-03-22,75.85,74.25
75.7,89820801.5,75.0,2017-03-23,75.7,74.2
75.7,83616065.5,75.3,2017-03-24,75.7,74.45
75.3,27294885.5,75.15,2017-03-27,75.75,75.0
75.7,101198140.0,75.3,2017-03-28,75.9,74.7
75.3,42039524.0,75.15,2017-03-29,75.9,75.0
75.1,69755484.0,75.3,2017-03-30,75.95,75.1
75.1,115409721.0,74.45,2017-03-31,75.1,73.6
74.5,25394281.0,74.55,2017-04-03,75.0,74.4
75.9,77187932.5,74.7,2017-04-04,75.9,74.55
75.45,75082962.0,74.7,2017-04-05,75.5,73.55
74.5,63601561.0,74.7,2017-04-06,75.0,73.7
74.7,90542617.0,74.5,2017-04-07,75.1,74.0
75.4,100059926.0,75.3,2017-04-10,75.4,74.75
75.35,83250801.0,75.3,2017-04-11,75.35,74.5
75.1,66429236.0,75.5,2017-04-12,75.7,75.05
75.4,92988235.5,76.3,2017-04-17,76.4,75.35
76.5,122636919.0,76.2,2017-04-18,76.65,74.7
76.0,65413200.0,75.6,2017-04-19,76.0,75.5
75.6,63371658.0,75.3,2017-04-20,75.6,75.0
76.5,82503650.0,75.35,2017-04-21,76.5,75.25
75.5,30395178.0,75.35,2017-04-24,76.1,75.0
75.95,137927524.5,77.65,2017-04-25,77.95,75.95
77.65,115420019.0,76.9,2017-04-26,77.9,75.35
76.9,46080468.5,76.8,2017-04-27,77.5,75.9
77.5,109848867.0,76.65,2017-05-02,77.9,75.1
77.6,64033740.5,76.65,2017-05-03,77.6,75.6
76.6,115217833.5,76.75,2017-05-04,77.0,75.85
76.75,132046760.0,75.5,2017-05-05,77.5,75.4
75.5,117818281.5,76.9,2017-05-08,76.9,75.45
76.9,145088764.5,76.5,2017-05-09,77.0,76.2
76.4,161172880.0,75.5,2017-05-10,76.9,75.5
75.5,171254118.0,76.3,2017-05-11,77.0,75.35
75.35,92080785.5,76.05,2017-05-12,76.25,74.8
76.0,96908083.0,75.7,2017-05-15,76.0,75.4
76.4,108941652.5,75.95,2017-05-16,76.4,75.45
75.9,95802296.0,76.1,2017-05-17,76.6,74.55
76.1,111168444.0,76.05,2017-05-18,76.1,75.0
76.05,91904672.5,75.8,2017-05-19,76.05,75.0
76.8,374772782.0,76.0,2017-05-22,76.8,75.75
76.0,134405096.5,76.05,2017-05-23,77.25,76.0
76.0,78450538.0,76.2,2017-05-24,76.45,75.6
76.2,57226492.0,76.0,2017-05-25,76.25,75.6
76.0,100964704.0,75.95,2017-05-26,76.0,75.9
76.0,65098849.5,76.0,2017-05-29,76.0,75.65
76.0,284951827.0,76.0,2017-05-30,76.3,75.65
75.6,382815498.5,76.05,2017-05-31,76.1,75.6
76.25,91594833.5,76.0,2017-06-01,76.25,75.7
75.75,177960927.5,75.8,2017-06-02,76.0,75.55
75.75,177960927.5,75.8,2017-06-02,76.0,75.55
76.2,89349652.5,75.95,2017-06-05,77.0,75.8
76.0,109491565.0,75.95,2017-06-06,76.25,75.1
75.95,479939563.0,73.9,2017-06-07,76.0,73.9
73.9,148417089.5,72.75,2017-06-08,75.0,71.65
72.75,136903378.5,75.3,2017-06-09,75.4,72.75
75.3,63093323.0,75.9,2017-06-13,75.9,75.3
75.8,100372901.0,75.9,2017-06-14,75.9,75.05
75.9,69990271.0,75.8,2017-06-15,75.95,75.05
75.8,195784516.5,73.55,2017-06-16,75.85,73.55
74.7,76359814.5,75.0,2017-06-19,75.25,73.65
75.0,72342556.5,75.0,2017-06-20,75.75,73.55
75.0,104187725.0,75.8,2017-06-21,75.8,74.2
75.0,51491113.5,75.0,2017-06-22,75.5,74.9
75.85,51678430.5,75.85,2017-06-23,75.85,74.2
75.6,45004214.5,75.8,2017-06-27,76.0,75.0
75.8,99298940.0,75.8,2017-06-28,75.9,75.2
75.8,89825014.5,75.7,2017-06-29,75.8,75.4
75.7,152858437.5,76.15,2017-06-30,76.15,74.45
76.15,58997538.5,75.9,2017-07-03,76.15,75.1
75.9,47940080.5,75.85,2017-07-04,75.9,75.1
75.9,99601138.5,75.9,2017-07-05,75.9,75.2
75.85,35339376.0,75.85,2017-07-06,75.9,75.8
75.85,26736536.5,75.35,2017-07-07,75.85,75.3
75.45,89373196.5,75.0,2017-07-10,75.45,74.95
74.35,96487821.0,74.35,2017-07-11,75.0,74.2
74.35,40389372.0,75.1,2017-07-12,75.5,74.3
75.2,102361306.5,75.7,2017-07-13,75.8,75.15
75.75,83383312.5,75.0,2017-07-14,75.75,74.6
75.75,49062596.5,75.4,2017-07-17,75.75,75.05
74.9,28416478.0,75.7,2017-07-18,75.9,74.9
76.0,50982214.5,74.9,2017-07-19,76.0,74.9
75.5,142629974.0,72.7,2017-07-20,75.75,72.7
74.0,98612749.0,75.7,2017-07-21,75.7,72.65
75.7,44660667.0,74.3,2017-07-24,75.7,74.3
74.3,49333590.5,74.0,2017-07-25,75.05,73.25
74.0,62308789.5,74.6,2017-07-26,74.9,73.3
75.0,59166242.0,75.6,2017-07-27,75.75,74.8
75.6,53731952.0,74.8,2017-07-28,75.6,73.1
75.0,103800728.0,75.95,2017-07-31,75.95,73.5
75.4,22285249.0,75.25,2017-08-01,75.4,74.15
75.0,46180418.5,72.5,2017-08-02,75.5,72.5
72.5,84558458.0,72.5,2017-08-03,74.3,72.25
72.65,192866378.0,74.95,2017-08-04,74.95,72.5
74.9,28527583.5,74.85,2017-08-07,75.1,74.8
75.5,33410917.0,72.55,2017-08-08,75.5,72.5
74.1,48753409.5,74.05,2017-08-09,74.25,73.4
73.5,23996308.0,74.95,2017-08-10,74.95,73.5
74.5,48158805.5,73.0,2017-08-11,74.9,72.55
74.2,35798020.0,73.7,2017-08-14,74.2,73.15
74.3,6822692.5,73.4,2017-08-15,74.3,73.35
73.95,32733920.5,73.75,2017-08-16,74.2,73.25
73.75,44028829.5,74.0,2017-08-17,74.45,73.3
74.3,59944966.5,73.2,2017-08-18,74.3,73.05
73.1,37079273.5,73.3,2017-08-22,73.45,73.1
74.0,23951228.0,73.15,2017-08-23,74.0,73.1
73.55,32035911.5,74.25,2017-08-24,74.25,73.1
74.25,55783771.0,74.05,2017-08-25,74.25,73.55
73.65,55851717.0,74.0,2017-08-29,74.25,73.25
73.2,44009891.0,74.3,2017-08-30,74.3,73.15
74.3,2025198183.0,74.45,2017-08-31,74.45,73.2
74.45,59656084.0,74.2,2017-09-04,74.45,73.7
73.85,68341746.0,74.0,2017-09-05,74.15,73.5
74.0,55475818.5,74.0,2017-09-06,74.0,73.55
74.0,66840393.0,73.55,2017-09-07,74.1,73.5
74.0,117618249.5,72.75,2017-09-08,74.0,72.75
73.9,37123355.0,72.9,2017-09-11,73.9,72.85
73.5,62301759.5,73.0,2017-09-13,73.8,72.8
73.0,57007383.0,73.5,2017-09-14,73.9,72.8
73.6,204170327.0,74.0,2017-09-15,74.0,72.75
73.95,89420293.5,73.95,2017-09-18,74.45,73.1
73.95,23640068.0,73.5,2017-09-19,74.0,73.25
73.8,69739417.0,73.5,2017-09-20,74.0,73.35
73.5,52671422.0,73.95,2017-09-21,73.95,73.25
73.6,41639736.5,73.9,2017-09-22,73.9,73.35
73.3,57689599.0,74.0,2017-09-25,74.0,73.25
73.4,71048005.0,74.2,2017-09-26,74.2,73.4
74.2,167170396.0,74.5,2017-09-27,74.5,73.3
74.8,163851557.0,73.3,2017-09-28,74.8,73.3
73.4,167858401.0,73.3,2017-09-29,74.05,73.3
74.0,105037197.5,75.0,2017-10-02,75.0,73.35
74.95,109469563.5,75.2,2017-10-03,75.2,74.25
75.2,67684743.0,75.2,2017-10-04,75.3,74.35
75.3,42587972.5,73.45,2017-10-05,75.5,73.45
73.8,88171220.0,73.5,2017-10-06,75.3,73.4
73.65,29822985.5,75.2,2017-10-09,75.2,73.65
74.6,43057255.0,75.4,2017-10-10,75.5,74.6
75.5,39292961.0,75.5,2017-10-11,75.7,75.45
75.5,41093958.0,74.8,2017-10-12,75.75,74.7
75.75,75223967.0,74.8,2017-10-13,75.75,74.4
74.8,98119752.0,75.0,2017-10-17,75.45,74.15
75.0,46642490.0,74.85,2017-10-18,75.0,74.0
74.9,39059092.0,75.4,2017-10-19,75.4,74.6
75.4,23441063.0,75.0,2017-10-20,75.4,74.5
75.0,22902314.5,75.75,2017-10-23,75.75,74.85
75.7,54275869.5,74.1,2017-10-24,75.7,74.0
74.0,38564091.0,74.0,2017-10-25,74.9,73.65
74.0,21373252.0,74.0,2017-10-26,74.9,73.6
74.0,78299169.0,74.9,2017-10-27,74.9,72.55
74.6,27378879.0,74.9,2017-10-30,74.9,73.2
74.95,72359162.5,75.0,2017-11-02,75.0,73.95
75.0,126613281.0,72.0,2017-11-03,75.0,72.0
72.3,75567121.5,74.2,2017-11-06,74.2,72.15
74.1,30571698.5,74.3,2017-11-07,74.3,73.1
74.25,86152502.5,73.05,2017-11-08,74.25,73.05
73.9,55170515.5,73.9,2017-11-09,74.0,73.05
73.9,81576763.0,72.6,2017-11-10,74.3,72.6
72.55,56627971.0,72.1,2017-11-13,74.0,72.1
72.1,91545525.0,72.0,2017-11-14,72.4,70.95
71.6,68752611.5,70.95,2017-11-15,71.75,70.75
70.7,151428850.5,70.05,2017-11-16,72.0,70.05
71.0,41840658.0,70.0,2017-11-17,72.0,69.5
71.9,77322331.5,69.9,2017-11-20,71.9,69.9
70.0,95665658.5,69.5,2017-11-21,70.0,69.3
69.0,67005322.5,68.8,2017-11-22,70.0,68.4
70.5,39912940.5,71.8,2017-11-23,71.8,68.8
70.3,96872999.0,71.0,2017-11-24,71.45,70.1
69.95,41431794.5,72.55,2017-11-27,72.55,68.9
72.0,90543809.5,73.45,2017-11-28,73.45,71.1
73.0,350596064.5,70.0,2017-11-29,73.45,68.9
70.0,132397946.5,68.3,2017-12-01,70.0,67.9
68.0,81391184.0,67.5,2017-12-04,68.05,67.5
67.5,52467146.5,68.85,2017-12-05,68.85,67.5
68.8,54446161.5,68.0,2017-12-06,68.8,68.0
67.0,46623631.0,69.0,2017-12-07,69.0,67.0
69.0,27065663.5,70.9,2017-12-08,70.9,67.95
70.9,42224724.0,70.4,2017-12-11,70.9,69.4
70.4,31934005.0,69.3,2017-12-12,70.6,67.9
69.5,31053048.5,68.4,2017-12-13,69.5,68.0
69.2,67628511.0,70.2,2017-12-14,70.2,68.25
70.2,264407910.0,67.5,2017-12-15,70.2,67.5
67.55,38351204.0,69.0,2017-12-18,69.5,67.55
69.0,58663334.0,68.9,2017-12-19,69.0,68.05
68.0,14209748.5,68.9,2017-12-20,69.5,68.0
69.0,43567914.0,71.0,2017-12-21,71.0,68.5
70.65,31327267.5,72.7,2017-12-22,72.7,69.7
72.2,26862640.0,72.5,2017-12-27,72.7,70.1
72.5,61910668.5,73.15,2017-12-28,73.15,71.5
73.0,81819027.5,74.0,2017-12-29,74.0,72.0
74.15,54825182.0,74.5,2018-01-03,74.7,73.9
74.5,92631631.0,76.0,2018-01-04,76.0,74.0
76.0,84721123.5,76.0,2018-01-05,76.0,75.5
76.05,37676520.5,75.95,2018-01-08,76.1,74.55
75.95,86470475.0,77.5,2018-01-09,77.5,75.65
77.45,37146561.0,75.95,2018-01-10,77.45,75.25
75.95,53398429.0,75.4,2018-01-11,76.7,72.8
76.9,395955409.5,73.7,2018-01-12,76.9,73.35
73.8,51362985.0,74.85,2018-01-15,75.3,73.8
75.5,155679969.0,75.0,2018-01-16,77.25,74.95
75.0,85761527.0,78.15,2018-01-17,78.15,75.0
78.15,102155158.0,77.8,2018-01-18,78.15,76.55
77.0,57618918.5,78.0,2018-01-19,78.0,77.0
78.0,74885409.0,75.0,2018-01-22,78.8,75.0
75.4,69073050.5,77.5,2018-01-23,77.5,75.4
77.0,63691539.0,75.25,2018-01-24,77.25,75.25
75.3,89765498.5,78.5,2018-01-25,78.5,75.3
78.35,37691854.5,78.5,2018-01-26,78.5,76.7
78.25,63941654.5,78.0,2018-01-29,78.75,77.15
77.9,125541102.5,77.8,2018-01-30,77.9,75.55
77.75,104898664.5,76.8,2018-01-31,77.75,75.85
76.95,66197539.5,75.25,2018-02-01,76.95,75.25
75.15,65446778.5,75.3,2018-02-02,76.65,75.15
75.05,80094852.5,75.0,2018-02-05,75.05,73.5
74.3,164763930.5,71.95,2018-02-06,74.3,71.95
73.95,43748341.0,72.85,2018-02-07,73.95,72.1
72.9,54260522.0,73.95,2018-02-08,74.1,72.0
73.45,90928705.0,71.3,2018-02-09,74.0,71.3
72.7,56059184.5,72.0,2018-02-12,72.7,71.4
72.4,33159632.5,73.95,2018-02-13,73.95,71.95
73.9,138126027.0,75.0,2018-02-14,75.0,72.1
74.95,56501222.5,75.0,2018-02-15,75.0,72.35
75.0,65062445.0,76.45,2018-02-19,77.0,73.0
76.5,66310583.5,76.5,2018-02-20,77.0,75.0
75.4,77806912.0,74.8,2018-02-21,76.35,74.05
74.0,92029734.0,76.9,2018-02-22,76.9,74.0
76.5,75880599.0,75.8,2018-02-23,76.9,74.2
75.6,77261438.5,79.0,2018-02-26,79.0,74.25
77.0,79283093.0,77.5,2018-02-27,78.0,76.8
76.9,162390865.5,77.4,2018-02-28,77.5,74.5
76.5,60528451.5,75.5,2018-03-01,76.5,74.75
74.0,67629713.5,75.5,2018-03-02,75.5,73.8
74.05,58124172.5,73.65,2018-03-05,75.95,73.5
73.4,68707761.0,73.25,2018-03-06,74.9,73.0
73.1,72031922.0,73.0,2018-03-07,73.35,72.5
73.0,147814098.0,73.25,2018-03-08,74.45,72.45
74.0,40602861.5,74.3,2018-03-09,75.0,74.0
75.0,37004146.0,75.95,2018-03-12,75.95,74.55
75.0,101419994.5,76.0,2018-03-13,76.1,75.0
76.0,64901160.5,76.0,2018-03-14,76.25,74.95
75.0,134245439.0,75.85,2018-03-15,75.9,74.75
75.0,610269404.5,72.05,2018-03-16,75.0,72.05
72.0,111301490.5,71.55,2018-03-19,72.05,69.85
71.45,66947841.5,69.6,2018-03-20,71.45,69.0
71.85,81289517.0,68.05,2018-03-21,71.85,68.05
69.9,112902611.5,69.4,2018-03-22,69.9,68.05
69.4,68580840.0,68.7,2018-03-23,69.65,68.3
68.6,46589301.5,68.0,2018-03-26,69.4,67.8
68.1,103557135.5,69.45,2018-03-27,70.0,68.0
69.45,141411281.0,67.5,2018-03-28,71.3,67.5
68.6,108354064.5,68.5,2018-04-02,69.35,67.85
68.95,46459629.5,68.55,2018-04-03,69.5,68.5
69.5,93449595.0,69.35,2018-04-04,71.35,68.8
69.35,94544251.0,69.5,2018-04-05,69.5,68.1
69.6,51953060.5,67.95,2018-04-06,70.4,67.25
67.0,94655550.0,66.0,2018-04-10,68.0,66.0
66.2,34381590.5,68.0,2018-04-11,68.0,66.2
68.0,55101597.5,68.95,2018-04-12,68.95,67.9
68.95,112328845.5,68.3,2018-04-13,70.0,68.0
68.3,47889809.0,68.2,2018-04-16,68.55,68.1
68.2,32904480.5,69.5,2018-04-17,69.5,68.1
69.45,70201146.5,69.3,2018-04-18,69.45,67.1
67.0,268787930.0,68.0,2018-04-19,69.2,63.4
68.0,53587972.5,68.65,2018-04-20,69.1,65.5
68.7,50484607.5,69.8,2018-04-23,69.8,67.25
67.5,28641559.0,67.95,2018-04-24,69.7,65.0
66.7,28383680.0,67.4,2018-04-25,68.0,66.65
66.15,81317298.0,66.85,2018-04-26,67.6,65.05
66.55,68339875.0,69.6,2018-04-27,69.7,66.0
69.0,63025231.0,69.85,2018-04-30,69.85,67.05
68.0,69655190.0,67.7,2018-05-02,69.85,67.7
68.95,82105604.5,63.0,2018-05-03,68.95,63.0
63.1,45546768.5,62.2,2018-05-04,64.0,62.2
63.0,63149741.5,62.4,2018-05-07,63.8,62.3
62.4,175839749.5,61.6,2018-05-08,63.6,61.15
61.15,128050804.5,59.7,2018-05-09,61.6,59.7
59.75,124095765.5,59.3,2018-05-10,61.2,59.3
60.5,43612732.0,62.85,2018-05-11,62.85,59.35
62.85,68684463.0,64.5,2018-05-15,64.9,61.4
63.1,58918277.5,64.5,2018-05-16,64.5,62.0
63.1,106622097.5,62.7,2018-05-17,64.25,62.4
64.0,34908070.5,62.45,2018-05-18,64.0,62.45
62.45,66939201.0,62.45,2018-05-21,62.75,62.45
62.75,45117638.0,62.5,2018-05-22,63.5,62.4
62.45,63213752.5,62.55,2018-05-23,62.55,62.15
62.55,35005232.0,64.5,2018-05-24,64.5,62.55
64.45,20627800.5,65.0,2018-05-25,65.0,63.05
65.0,13885668.5,63.4,2018-05-28,65.0,63.4
63.7,35243099.5,61.8,2018-05-29,64.0,61.5
61.5,144005455.5,59.45,2018-05-30,61.8,59.3
60.0,1104119684.0,57.8,2018-05-31,61.0,57.8
58.95,66398961.0,63.0,2018-06-01,63.0,58.15
61.5,80135944.5,61.05,2018-06-04,62.65,60.6
61.15,41225457.5,62.55,2018-06-05,62.55,61.15
62.4,40589538.5,61.95,2018-06-06,63.45,61.1
61.95,85636580.0,63.5,2018-06-07,64.0,61.95
63.5,41272298.5,64.0,2018-06-08,64.0,62.05
62.6,38144674.0,64.0,2018-06-11,64.0,62.6
62.7,72485306.5,61.5,2018-06-13,63.5,61.15
61.15,243720095.5,62.6,2018-06-14,63.75,60.8
61.05,84229629.0,61.0,2018-06-18,62.85,60.05
60.15,125852916.0,62.2,2018-06-19,62.2,58.05
60.1,130693799.0,59.75,2018-06-20,61.8,59.75
59.8,113073481.5,57.0,2018-06-21,61.4,57.0
57.05,72497328.5,55.35,2018-06-22,58.25,55.35
57.0,69534867.0,53.95,2018-06-25,57.35,52.65
54.0,74075331.5,54.6,2018-06-26,54.6,52.55
54.0,51106403.0,55.5,2018-06-27,55.7,54.0
54.0,233716686.5,54.0,2018-06-28,54.4,53.8
53.4,86846750.0,54.5,2018-06-29,55.1,53.2
54.5,52672066.0,53.0,2018-07-02,54.5,52.8
53.15,44415027.0,54.45,2018-07-03,54.45,52.6
54.0,105013572.5,54.9,2018-07-04,56.1,53.3
54.9,32454136.0,54.35,2018-07-05,54.9,54.0
54.0,78060271.5,53.1,2018-07-06,54.0,53.0
53.5,25216789.5,52.9,2018-07-09,53.5,52.75
52.8,102570667.0,52.75,2018-07-10,52.8,52.75
53.2,57860814.5,53.15,2018-07-11,53.2,52.75
53.0,37279173.0,53.55,2018-07-12,54.25,52.8
53.6,48557567.0,53.75,2018-07-13,54.8,53.55
53.75,22804481.0,53.55,2018-07-16,53.75,53.0
53.55,58094975.0,53.15,2018-07-17,54.15,53.1
52.95,35005313.0,53.2,2018-07-18,53.55,52.95
53.2,58919226.0,52.8,2018-07-19,53.55,52.45
53.0,95822570.0,50.8,2018-07-20,53.0,50.55
50.8,30496547.0,51.7,2018-07-23,52.0,50.8
51.8,23905519.0,53.2,2018-07-24,53.2,51.5
53.2,59689746.5,52.2,2018-07-25,53.3,51.9
53.3,91894092.0,54.95,2018-07-26,55.3,52.95
54.9,112053386.5,55.0,2018-07-27,55.0,53.05
55.0,68556495.5,57.75,2018-07-30,57.8,55.0
57.8,97374004.0,57.35,2018-07-31,57.95,55.8
57.0,152429994.0,59.7,2018-08-01,59.7,56.0
59.65,61897361.0,59.6,2018-08-02,59.75,58.1
59.75,94555053.0,61.55,2018-08-03,61.55,58.5
61.95,94699295.0,60.1,2018-08-06,62.0,59.7
59.75,30286922.5,58.95,2018-08-07,59.75,58.4
58.95,29548436.5,60.3,2018-08-08,61.3,58.9
60.3,42380270.5,59.3,2018-08-09,60.35,59.0
59.65,51919989.0,60.35,2018-08-10,60.9,59.3
60.2,52354040.0,59.55,2018-08-13,60.2,57.8
57.85,44374439.5,57.6,2018-08-14,58.45,57.35
57.9,33138645.0,58.6,2018-08-15,58.8,57.5
57.85,77909075.0,56.35,2018-08-16,58.6,56.1
55.8,66838003.0,56.0,2018-08-17,57.0,55.7
56.3,45208845.5,55.45,2018-08-20,57.0,55.45
56.1,69580658.0,55.95,2018-08-22,56.85,54.1
55.95,59508261.5,57.0,2018-08-23,59.0,55.85
56.65,65999288.5,56.7,2018-08-24,57.5,56.5
56.7,179201646.5,54.0,2018-08-28,56.7,53.5
54.0,142663189.0,52.5,2018-08-29,54.25,52.5
52.5,67569629.0,53.3,2018-08-30,53.7,52.5
53.3,176330282.0,53.45,2018-08-31,54.3,52.6
54.0,50666289.0,53.8,2018-09-03,54.05,53.55
53.85,59195259.5,53.5,2018-09-04,54.0,53.2
53.4,178520424.5,53.5,2018-09-05,53.5,52.05
53.3,97723190.5,52.75,2018-09-06,53.3,51.8
52.8,87055796.0,53.3,2018-09-07,53.45,51.6
53.05,102304900.5,52.5,2018-09-10,53.05,51.9
52.1,112042793.5,51.0,2018-09-11,52.1,50.85
51.2,265476536.0,47.6,2018-09-12,51.2,47.6
48.2,158541755.0,49.0,2018-09-13,49.4,48.2
48.3,113816585.0,48.3,2018-09-14,49.3,48.0
49.3,68920775.0,47.0,2018-09-17,49.3,47.0
47.2,117699385.0,46.3,2018-09-18,48.3,45.75
46.45,72327530.0,45.95,2018-09-19,47.9,45.95
46.0,77617845.0,44.1,2018-09-20,47.0,44.1
44.9,1778710390.0,46.9,2018-09-21,48.85,44.1
44.9,1778710390.0,46.9,2018-09-21,48.85,44.1
48.0,246901190.0,50.4,2018-09-24,51.2,48.0
48.0,246901190.0,50.4,2018-09-24,51.2,48.0
51.2,53818779.5,51.25,2018-09-25,51.25,49.3
51.15,62111069.5,50.0,2018-09-26,51.15,48.6
50.0,138652078.5,49.95,2018-09-27,50.8,47.95
50.0,47595220.0,49.0,2018-09-28,51.0,48.35
48.1,103634265.0,48.25,2018-10-01,49.0,46.7
48.25,61445755.0,47.9,2018-10-02,48.25,46.15
47.5,208942535.0,48.0,2018-10-03,48.05,47.0
48.1,84233305.0,47.7,2018-10-04,48.65,47.7
47.8,25060205.0,47.1,2018-10-05,48.0,46.25
47.25,47212905.0,46.95,2018-10-08,47.65,46.95
46.95,76889440.0,46.0,2018-10-09,47.0,44.7
46.1,62463930.0,45.7,2018-10-10,46.5,45.35
45.05,31850905.0,46.55,2018-10-11,46.55,44.2
46.7,109366610.0,46.05,2018-10-12,47.0,45.65
46.15,83136865.0,45.6,2018-10-15,47.0,45.6
46.0,113758445.0,45.65,2018-10-16,46.2,45.1
45.7,67356365.0,45.4,2018-10-17,47.4,45.4
45.45,47253825.0,47.0,2018-10-18,47.0,45.45
47.0,42893455.0,47.8,2018-10-19,47.8,46.05
46.3,51717510.0,47.7,2018-10-22,49.2,46.3
48.9,41045845.0,48.35,2018-10-23,49.0,47.75
48.25,27070250.0,47.1,2018-10-24,48.75,47.1
47.25,37672995.0,45.7,2018-10-25,47.25,45.45
46.0,20029220.0,45.15,2018-10-26,46.0,45.1
45.15,24151500.0,46.1,2018-10-29,46.1,44.7
46.45,16875445.0,44.85,2018-10-30,46.45,44.85
45.95,111432560.0,47.0,2018-10-31,47.0,44.1
47.0,29313080.0,46.8,2018-11-05,48.0,45.2
46.8,26632615.0,47.4,2018-11-06,47.9,45.95
47.0,27606740.0,46.4,2018-11-07,47.0,45.6
46.5,51268930.0,46.5,2018-11-08,47.0,45.6
46.5,42231525.0,47.0,2018-11-09,47.0,45.6
47.0,43079960.0,45.0,2018-11-12,47.0,45.0
45.0,85734365.0,45.35,2018-11-13,45.35,44.0
44.1,42982725.0,45.4,2018-11-14,46.5,44.1
45.3,7229885.0,45.9,2018-11-15,46.45,44.5
46.5,92896345.0,46.3,2018-11-16,46.95,45.1
47.0,52989655.0,46.85,2018-11-19,47.3,45.55
46.0,35792405.0,48.0,2018-11-20,48.0,45.7
47.95,86207005.0,49.5,2018-11-21,49.5,46.4
49.35,26841400.0,48.7,2018-11-22,49.35,48.15
48.75,14937945.0,48.15,2018-11-23,48.75,48.15
48.15,82542320.0,53.5,2018-11-26,55.0,48.15
53.5,94681964.5,55.55,2018-11-27,56.0,52.15
55.55,66018264.0,54.5,2018-11-28,55.55,53.0
54.5,746621281.0,52.2,2018-11-29,56.75,51.9
54.0,62255780.0,52.9,2018-12-03,54.0,51.15
53.0,590407682.5,54.45,2018-12-04,54.75,51.9
53.3,572730298.5,53.6,2018-12-05,53.9,52.05
54.0,552136429.5,52.75,2018-12-06,54.65,52.5
53.45,51821274.0,50.3,2018-12-07,53.45,50.3
50.3,33844974.5,50.6,2018-12-10,51.35,50.3
51.0,23678102.0,51.6,2018-12-11,51.85,50.9
51.9,15946652.5,53.9,2018-12-12,53.9,51.0
53.7,42567541.0,55.0,2018-12-13,55.0,52.6
54.45,53942328.0,56.0,2018-12-14,56.0,53.05
55.5,36415890.0,54.9,2018-12-17,55.7,54.6
54.5,56441256.5,51.65,2018-12-18,54.8,51.65
52.5,92417546.5,54.5,2018-12-19,55.5,51.8
54.35,49708618.0,56.9,2018-12-20,56.95,53.5
56.8,101920526.0,56.0,2018-12-21,56.9,55.0
55.5,30451700.5,55.4,2018-12-26,56.8,53.65
56.5,100239224.5,55.0,2018-12-27,56.5,54.65
55.8,36572110.5,55.0,2018-12-28,55.8,54.65
55.0,34863909.5,53.2,2019-01-02,56.0,52.3
54.75,57355705.0,56.5,2019-01-03,56.5,53.35
55.7,108420152.0,57.0,2019-01-04,59.55,55.7
58.25,59546580.0,57.2,2019-01-07,59.2,57.2
58.0,47004339.0,57.2,2019-01-08,58.6,57.2
58.2,161545691.0,61.0,2019-01-09,61.0,57.4
61.0,184926759.0,61.6,2019-01-10,62.6,60.1
62.1,57054805.0,60.0,2019-01-11,63.0,60.0
60.7,97878356.0,64.4,2019-01-14,64.4,59.1
64.4,89381169.0,64.8,2019-01-15,64.8,63.1
64.7,66834944.0,64.8,2019-01-16,64.8,60.7
64.8,72731861.0,66.0,2019-01-17,66.0,63.0
66.0,173875947.5,67.9,2019-01-18,68.65,65.95
67.9,42689290.0,66.6,2019-01-21,69.5,66.6
66.75,91095310.5,66.0,2019-01-22,68.9,66.0
64.7,75648919.5,65.0,2019-01-23,65.0,64.0
66.9,143924117.5,65.0,2019-01-24,67.45,65.0
67.0,157080978.0,62.3,2019-01-25,67.0,62.3
64.7,71256543.0,63.0,2019-01-28,65.8,63.0
65.0,124805363.0,64.0,2019-01-29,65.5,63.35
64.15,66944626.0,64.0,2019-01-30,65.7,63.05
64.4,125152786.5,64.25,2019-01-31,66.55,64.0
64.35,79227364.5,64.0,2019-02-01,66.0,64.0
64.0,58357834.0,62.3,2019-02-04,64.95,62.1
62.5,56797600.5,61.75,2019-02-06,64.35,61.75
61.9,28829541.0,63.2,2019-02-07,63.6,61.9
63.0,66653791.0,62.5,2019-02-08,64.05,62.5
63.0,55181420.5,64.0,2019-02-11,64.5,62.5
64.0,50306091.5,63.95,2019-02-12,64.3,62.65
63.95,36060714.5,63.0,2019-02-13,63.95,62.7
63.9,48229389.0,62.55,2019-02-14,63.9,62.5
63.0,137056172.0,66.0,2019-02-15,66.0,62.4
65.4,43622084.0,63.55,2019-02-18,65.4,63.55
63.55,116503332.5,62.15,2019-02-19,63.6,62.1
62.2,55413494.5,64.5,2019-02-20,65.15,62.2
63.15,63393890.5,63.0,2019-02-21,64.4,62.6
63.5,42096232.5,64.5,2019-02-22,64.5,62.7
64.5,53106138.0,64.6,2019-02-26,64.6,63.15
63.8,62731084.0,63.0,2019-02-27,64.2,62.5
63.4,159845443.5,61.0,2019-02-28,63.4,61.0
61.0,128309445.5,60.0,2019-03-01,61.85,58.5
59.0,79957527.5,59.8,2019-03-04,59.95,58.6
59.9,114379757.5,58.9,2019-03-05,60.0,58.4
58.8,113560197.5,58.6,2019-03-06,60.0,58.35
58.6,123603269.5,58.65,2019-03-07,60.0,58.6
59.5,55879687.5,58.8,2019-03-08,59.5,58.75
58.85,107000356.0,56.9,2019-03-11,59.05,56.9
57.2,181173652.5,58.0,2019-03-12,58.1,57.1
57.6,131010124.0,58.95,2019-03-13,59.25,57.6
58.95,115114725.0,58.35,2019-03-14,58.95,57.7
58.35,237140460.5,56.95,2019-03-15,58.35,56.95
56.9,33305566.5,58.0,2019-03-18,58.0,55.75
58.0,37414710.0,58.4,2019-03-19,58.75,57.95
58.4,47880582.0,56.2,2019-03-20,58.4,56.2
57.75,104140642.0,58.5,2019-03-21,59.5,56.55
59.35,61058994.0,59.55,2019-03-22,60.5,58.5
59.55,47581204.5,59.15,2019-03-25,59.55,57.0
59.2,34105697.0,58.75,2019-03-26,59.3,57.75
58.75,24400733.5,58.7,2019-03-27,59.5,57.6
59.2,29465102.0,58.0,2019-03-28,59.2,58.0
59.0,38359849.5,58.95,2019-03-29,59.1,58.1
58.9,29367591.5,59.8,2019-04-01,59.9,58.75
59.9,92263882.5,59.25,2019-04-02,59.9,58.6
59.6,52302030.5,60.0,2019-04-03,60.0,59.25
60.0,309171376.0,60.25,2019-04-04,60.25,59.0
60.25,20540367.0,59.95,2019-04-05,60.6,59.0
60.4,38763311.5,60.0,2019-04-08,60.6,59.95
60.2,46802764.0,60.95,2019-04-10,60.95,59.95
59.75,25497766.5,59.2,2019-04-11,60.95,59.2
59.2,10151682.0,59.0,2019-04-12,59.75,58.95
59.0,70022381.5,56.0,2019-04-15,59.0,56.0
56.6,29707867.0,55.8,2019-04-16,57.8,55.8
56.7,31099097.0,55.0,2019-04-17,56.7,54.5
54.85,21722360.5,55.0,2019-04-22,55.5,54.6
55.0,43694749.5,56.35,2019-04-23,56.35,54.5
55.05,82904534.0,55.85,2019-04-24,56.35,55.05
55.15,70734549.5,54.0,2019-04-25,56.1,54.0
54.5,40792759.0,55.0,2019-04-26,55.05,52.5
54.8,53029505.0,56.8,2019-04-29,56.8,54.05
55.1,41966354.0,55.6,2019-04-30,56.65,55.1
55.95,67259217.5,54.0,2019-05-02,56.0,54.0
54.0,47432630.0,52.0,2019-05-03,54.95,52.0
52.0,122253047.0,52.55,2019-05-06,53.0,52.0
53.0,101034151.5,52.55,2019-05-07,53.0,52.55
52.0,78880429.5,53.05,2019-05-08,53.05,50.8
52.55,168505000.5,51.2,2019-05-09,53.0,50.8
51.0,176389250.5,48.6,2019-05-10,51.2,48.6
48.2,196322660.0,46.7,2019-05-14,49.95,46.7
46.85,129297040.0,46.7,2019-05-15,48.0,46.7
47.0,139183795.0,47.0,2019-05-16,47.5,46.95
47.0,72117140.0,48.05,2019-05-17,49.0,47.0
48.0,92928845.0,50.25,2019-05-20,50.35,48.0
50.5,69911872.5,49.8,2019-05-21,51.3,49.7
50.2,132890010.0,51.8,2019-05-22,55.5,49.4
52.05,52929252.5,52.3,2019-05-23,52.55,51.0
52.25,68731561.5,52.7,2019-05-24,53.5,50.2
52.05,36059521.0,54.4,2019-05-27,54.4,52.05
54.35,947140422.5,54.15,2019-05-28,55.85,53.35
54.2,91104394.0,54.8,2019-05-29,55.4,53.35
54.8,64530664.0,54.5,2019-05-30,55.35,54.05
54.5,63849180.0,55.9,2019-05-31,55.9,54.5
55.9,83004299.5,55.4,2019-06-03,57.8,55.2
56.7,56065254.0,54.5,2019-06-04,56.7,54.1
54.4,30185115.5,54.55,2019-06-06,54.75,54.15
54.8,25081317.5,55.35,2019-06-07,55.35,54.15
55.3,40463131.5,55.7,2019-06-10,56.7,54.45
55.7,40456601.5,55.45,2019-06-11,56.5,54.8
55.2,119170419.0,55.4,2019-06-13,55.6,55.0
56.15,76515091.0,55.0,2019-06-14,56.15,54.6
55.0,52814471.0,54.05,2019-06-17,55.25,54.0
54.05,48395100.5,55.0,2019-06-18,55.0,53.6
54.05,76742521.0,53.7,2019-06-19,54.9,53.7
54.2,26155730.0,54.9,2019-06-20,54.95,53.7
55.0,101935647.0,54.85,2019-06-21,55.05,53.9
55.25,28622257.5,54.85,2019-06-24,55.6,54.85
55.5,30964348.5,55.4,2019-06-25,55.8,54.9
55.4,42125903.0,54.5,2019-06-26,55.4,54.05
54.5,76073147.5,55.0,2019-06-27,55.9,54.45
55.0,47212902.0,55.0,2019-06-28,55.9,53.8
