OPEN,VALUE,CLOSE,CHART_DATE,HIGH,LOW
4.85,538000.0,4.7,2009-08-03,4.85,4.6
4.7,176300.0,4.7,2009-08-04,4.7,4.5
4.55,1040650.0,4.8,2009-08-06,4.8,4.55
4.55,1049100.0,4.8,2009-08-07,4.8,4.55
4.7,2554300.0,4.75,2009-08-10,4.75,4.4
4.5,1106500.0,4.65,2009-08-11,4.7,4.4
4.5,2611350.0,4.7,2009-08-12,4.7,4.3
4.5,848650.0,4.65,2009-08-13,4.65,4.5
4.4,1297800.0,4.6,2009-08-14,4.6,4.3
4.3,3012800.0,4.7,2009-08-17,4.7,4.3
4.5,5741850.0,4.9,2009-08-18,5.1,4.5
4.85,366100.0,4.85,2009-08-19,4.85,4.8
4.8,1106050.0,4.7,2009-08-20,4.8,4.5
4.6,680700.0,4.75,2009-08-24,4.75,4.6
4.5,3116550.0,4.65,2009-08-25,4.65,4.45
4.6,649650.0,4.55,2009-08-26,4.65,4.45
4.25,616050.0,4.35,2009-09-03,4.4,4.25
4.3,252050.0,4.45,2009-09-04,4.45,4.15
4.3,11361450.0,4.35,2009-09-16,4.6,4.0
4.5,102650.0,4.5,2009-09-17,4.5,4.45
4.25,1358250.0,4.4,2009-09-22,4.4,4.2
4.35,56600.0,4.4,2009-09-23,4.4,4.35
4.0,4245800.0,4.15,2009-09-30,4.2,3.85
4.1,1892650.0,4.3,2009-10-01,4.3,4.0
4.0,1960100.0,4.5,2009-10-02,4.5,4.0
4.45,2504550.0,4.75,2009-10-05,4.75,4.4
4.65,2341500.0,4.75,2009-10-06,4.75,4.6
4.7,1141900.0,4.8,2009-10-07,4.8,4.6
4.8,1721750.0,5.0,2009-10-08,5.0,4.8
4.75,1258100.0,5.1,2009-10-09,5.1,4.75
4.95,1284150.0,5.7,2009-10-12,5.7,4.95
5.6,6781900.0,6.0,2009-10-13,6.0,5.5
5.8,1430500.0,6.0,2009-10-14,6.0,5.8
5.6,3178400.0,6.2,2009-10-15,6.2,5.6
5.9,2726400.0,6.2,2009-10-16,6.2,5.9
6.0,1405400.0,5.9,2009-10-19,6.2,5.7
5.8,1277300.0,6.1,2009-10-20,6.1,5.8
5.8,1979300.0,6.1,2009-10-21,6.2,5.8
6.0,655300.0,6.2,2009-10-22,6.2,5.9
5.9,1670600.0,6.2,2009-10-23,6.2,5.9
6.1,1317700.0,6.2,2009-10-26,6.2,6.0
5.8,3899500.0,9.0,2009-10-27,9.0,5.8
11.0,6143500.0,9.3,2009-10-28,11.75,8.5
8.8,2743800.0,9.3,2009-10-29,9.3,8.5
9.2,3141000.0,9.5,2009-10-30,9.5,9.0
9.4,5137400.0,9.4,2009-11-03,9.5,8.5
8.8,46091100.0,9.5,2009-11-04,9.5,8.0
8.8,1154600.0,9.5,2009-11-05,9.5,8.8
8.9,5300850.0,10.25,2009-11-09,10.25,8.9
9.8,1560250.0,10.5,2009-11-10,10.5,9.8
10.0,718250.0,10.5,2009-11-11,10.5,9.9
10.25,5308435.0,10.5,2009-12-15,10.75,9.8
10.25,2237325.0,10.75,2009-12-16,10.75,10.0
10.5,277875.0,10.75,2009-12-17,10.75,10.0
10.0,1196825.0,10.75,2009-12-18,10.75,10.0
10.25,211075.0,10.75,2009-12-21,10.75,10.25
10.5,74000.0,10.75,2009-12-22,10.75,10.5
10.25,4269250.0,11.0,2009-12-23,11.0,10.0
10.75,2129225.0,11.25,2009-12-29,11.25,10.5
10.5,796375.0,11.25,2010-01-04,11.25,10.5
10.5,3524725.0,10.25,2010-01-05,11.25,10.0
10.0,2227505.0,9.8,2010-01-06,10.25,9.6
9.6,767100.0,9.8,2010-01-07,9.8,9.5
9.3,125200.0,9.7,2010-01-11,9.7,9.3
9.4,891800.0,9.9,2010-01-12,9.9,9.4
9.2,1148200.0,9.9,2010-01-18,9.9,9.2
9.7,297098400.0,9.9,2010-01-19,9.9,9.7
9.0,384900.0,9.9,2010-01-22,9.9,9.0
8.3,1238200.0,10.0,2010-02-09,10.0,6.7
9.4,578500.0,9.8,2010-02-10,9.8,9.3
9.3,95000.0,9.8,2010-02-11,9.8,9.3
9.0,794200.0,9.5,2010-03-12,9.6,9.0
9.4,291500.0,9.5,2010-03-15,9.5,9.4
9.0,189100.0,9.1,2010-03-16,9.1,9.0
9.2,9200.0,9.2,2010-03-17,9.2,9.2
8.5,2935100.0,9.0,2010-04-20,9.0,8.5
8.7,1404600.0,9.0,2010-04-29,9.2,8.7
8.2,90600.0,8.6,2010-04-30,8.6,8.2
8.5,198500.0,8.8,2010-05-04,8.8,8.5
8.0,3190100.0,8.8,2010-05-05,8.8,8.0
9.2,10761800.0,8.6,2010-05-13,9.2,8.3
8.7,470000.0,8.7,2010-05-14,8.8,8.7
8.8,536400.0,8.9,2010-05-17,8.9,8.7
8.9,223000.0,9.0,2010-05-18,9.0,8.9
8.7,43500.0,8.7,2010-05-21,8.7,8.7
8.8,393200.0,9.0,2010-05-24,9.0,8.7
8.3,920700.0,9.3,2010-05-25,9.3,8.3
8.6,330300.0,9.3,2010-05-31,9.3,8.6
9.0,18200.0,9.2,2010-06-01,9.2,9.0
9.3,92500.0,9.3,2010-06-02,9.3,9.2
9.2,27700.0,9.3,2010-06-03,9.3,9.2
8.7,133500.0,9.2,2010-06-04,9.2,8.7
9.0,27400.0,9.2,2010-06-07,9.2,9.0
9.1,27400.0,9.2,2010-06-08,9.2,9.1
9.2,405200.0,9.3,2010-06-09,9.3,9.2
8.7,688100.0,9.3,2010-06-10,9.3,8.7
8.6,1864600.0,9.2,2010-06-15,9.2,8.4
8.6,1700400.0,8.7,2010-06-21,8.7,8.1
8.7,8700.0,8.7,2010-06-22,8.7,8.7
8.1,2841600.0,8.4,2010-06-24,8.7,7.9
7.8,88900.0,8.2,2010-06-29,8.2,7.8
7.3,46100.0,7.9,2010-07-02,7.9,7.3
7.6,1684900.0,7.6,2010-07-06,7.6,7.1
7.4,2463100.0,7.7,2010-07-07,7.8,7.2
7.7,830000.0,7.8,2010-07-08,7.8,7.7
7.4,4220800.0,7.4,2010-07-16,7.6,7.2
7.1,57000.0,7.3,2010-07-20,7.3,7.1
7.3,7300.0,7.3,2010-07-21,7.3,7.3
7.0,259800.0,7.3,2010-07-22,7.3,7.0
7.2,590400.0,7.4,2010-07-23,7.4,7.2
6.9,251040.0,7.0,2010-09-22,7.0,6.9
7.0,1386712.0,7.23,2010-09-23,7.24,6.51
6.71,1080017.0,7.47,2010-09-24,7.48,6.71
6.3,2153818.0,7.7,2010-09-28,7.7,6.3
6.94,1733880.0,7.89,2010-09-29,7.9,6.94
7.5,3055431.0,8.1,2010-09-30,8.1,6.82
7.7,1035670.0,8.5,2010-10-01,8.5,7.7
8.5,9020.0,8.5,2010-10-12,8.5,7.5
8.5,439550.0,8.7,2010-10-14,8.7,8.5
7.9,1630.0,8.4,2010-10-18,8.4,7.9
8.4,420850.0,8.5,2010-10-19,8.5,8.4
7.5,9880.0,8.3,2010-10-29,8.3,7.5
7.5,1489454.0,8.5,2010-11-02,8.5,7.5
7.9,40965.0,8.4,2010-11-12,8.4,7.9
8.36,520884.0,8.5,2010-11-15,8.5,8.36
8.69,242650.0,8.6,2010-11-22,12.74,8.5
9.4,940.0,9.4,2010-11-23,9.4,9.4
8.4,42967960.0,7.9,2010-11-30,8.4,7.9
8.9,4450.0,8.9,2010-12-01,8.9,8.9
7.3,143040.0,7.8,2010-12-23,7.8,7.3
6.1,4740.0,8.45,2010-12-28,8.45,6.1
6.1,4740.0,8.45,2010-12-28,8.45,6.1
6.1,4740.0,8.45,2010-12-28,8.45,6.1
6.1,4740.0,8.45,2010-12-28,8.45,6.1
6.1,4740.0,8.45,2010-12-28,8.45,6.1
6.1,4740.0,8.45,2010-12-28,8.45,6.1
6.1,4740.0,8.45,2010-12-28,8.45,6.1
6.1,4740.0,8.45,2010-12-28,8.45,6.1
6.1,4740.0,8.45,2010-12-28,8.45,6.1
6.1,4740.0,8.45,2010-12-28,8.45,6.1
6.1,4740.0,8.45,2010-12-28,8.45,6.1
6.1,4740.0,8.45,2010-12-28,8.45,6.1
6.1,4740.0,8.45,2010-12-28,8.45,6.1
6.1,4740.0,8.45,2010-12-28,8.45,6.1
6.1,4740.0,8.45,2010-12-28,8.45,6.1
6.1,4740.0,8.45,2010-12-28,8.45,6.1
6.1,4740.0,8.45,2010-12-28,8.45,6.1
6.1,4740.0,8.45,2010-12-28,8.45,6.1
6.1,4740.0,8.45,2010-12-28,8.45,6.1
6.1,4740.0,8.45,2010-12-28,8.45,6.1
6.1,4740.0,8.45,2010-12-28,8.45,6.1
6.12,8043.0,8.45,2010-12-29,8.45,6.12
6.12,8043.0,8.45,2010-12-29,8.45,6.12
6.1,9355.0,8.45,2011-01-04,8.45,6.1
8.45,845.0,8.45,2011-01-05,8.45,8.45
6.1,24690.0,8.45,2011-01-10,8.45,6.1
6.1,6945.0,8.45,2011-01-11,8.45,6.1
6.1,6945.0,8.45,2011-01-11,8.45,6.1
7.5,153545.0,8.45,2011-01-18,8.45,7.5
7.5,142645.0,8.5,2011-01-19,8.5,7.5
7.5,142645.0,8.5,2011-01-19,8.5,7.5
8.4,4200000.0,8.4,2011-02-03,8.4,8.4
7.5,196070.0,7.2,2011-02-14,7.5,6.5
5.5,539489.0,5.39,2011-02-16,5.5,5.0
5.5,539489.0,5.39,2011-02-16,5.5,5.0
5.35,36115.0,5.35,2011-02-17,5.35,5.3
5.2,1466175.0,6.0,2011-02-21,6.0,5.2
5.2,1466175.0,6.0,2011-02-21,6.0,5.2
5.99,238766.0,5.8,2011-02-22,6.0,5.0
5.99,238766.0,5.8,2011-02-22,6.0,5.0
5.48,216587.0,5.39,2011-02-23,5.8,5.39
5.48,216587.0,5.39,2011-02-23,5.8,5.39
5.7,254005.0,5.3,2011-02-24,5.7,5.0
5.7,254005.0,5.3,2011-02-24,5.7,5.0
5.0,116973.0,4.9,2011-02-25,5.29,4.9
5.0,126080.0,5.19,2011-02-28,5.19,4.8
5.18,411395.0,5.1,2011-03-02,5.18,4.75
4.4,1101309.0,4.0,2011-03-07,4.4,4.0
4.4,13200.0,4.4,2011-03-08,4.4,4.4
4.4,13200.0,4.4,2011-03-08,4.4,4.4
4.15,125780.0,4.19,2011-03-11,4.28,4.15
4.15,125780.0,4.19,2011-03-11,4.28,4.15
4.0,24170.0,4.17,2011-03-17,4.17,4.0
3.81,481570.0,3.98,2011-03-23,4.15,3.81
4.12,112070.0,4.06,2011-03-24,4.12,3.9
4.06,16310.0,4.13,2011-03-25,4.13,4.06
3.7,671450.0,3.9,2011-03-29,4.11,3.61
3.53,7400.0,3.87,2011-03-30,3.87,3.53
3.7,34310.0,3.84,2011-03-31,3.86,3.7
3.89,7790.0,3.9,2011-04-01,3.9,3.89
3.53,126290.0,3.9,2011-04-04,3.9,3.52
4.1,4100.0,4.1,2011-04-05,4.1,4.1
3.79,3790.0,3.79,2011-04-07,3.79,3.79
4.0,97170.0,4.08,2011-04-08,4.09,3.9
4.09,4090.0,4.09,2011-04-11,4.09,4.09
3.61,163300.0,4.1,2011-05-02,4.1,3.4
3.6,23550.0,4.05,2011-05-06,4.05,3.6
4.05,105710.0,4.16,2011-05-11,4.16,4.05
3.48,95300.0,4.0,2011-05-19,4.0,3.48
3.75,7740.0,3.99,2011-05-20,3.99,3.75
3.5,25280.0,3.98,2011-05-24,3.98,3.5
3.45,45630.0,3.9,2011-05-26,3.9,3.45
3.98,3980.0,3.98,2011-05-27,3.98,3.98
3.98,35990.0,4.15,2011-05-30,4.15,3.98
3.99,147630.0,3.99,2011-06-03,3.99,3.99
3.43,11110.0,3.98,2011-06-10,3.98,3.43
3.44,7320.0,3.88,2011-06-21,3.88,3.44
3.69,97990.0,3.8,2011-07-20,3.8,3.55
3.5,18650.0,3.8,2011-07-27,3.8,3.5
3.83,3830.0,3.83,2011-08-02,3.83,3.83
3.5,163660.0,3.83,2011-08-08,3.83,3.5
3.88,3880.0,3.88,2011-08-10,3.88,3.88
3.43,22350.0,3.84,2011-08-16,3.84,3.43
3.87,3870.0,3.87,2011-08-17,3.87,3.87
3.0,21310.0,3.87,2011-08-23,3.87,3.0
3.0,147790.0,3.79,2011-08-31,3.79,3.0
3.01,6800.0,3.79,2011-09-05,3.79,3.01
3.0,60000.0,3.0,2011-09-07,3.0,3.0
3.0,39910.0,3.74,2011-09-08,3.74,3.0
3.02,89430.0,3.47,2011-09-14,3.74,3.01
3.0,20280.0,3.47,2011-09-16,3.47,3.0
3.47,770340.0,3.47,2011-10-14,3.47,3.47
3.75,3750.0,3.75,2011-10-17,3.75,3.75
3.2,382020.0,3.64,2011-10-21,3.75,3.0
3.01,28160.0,3.55,2011-10-24,3.55,3.0
3.4,48500.0,3.55,2011-10-25,3.55,3.4
3.59,14370.0,3.6,2011-10-27,3.6,3.59
3.08,1467380.0,2.78,2011-11-11,3.6,2.77
2.91,780350.0,2.89,2011-11-14,2.99,2.8
3.2,690470.0,3.15,2011-11-15,3.2,2.8
2.81,161250.0,2.98,2011-11-16,3.02,2.8
2.83,51170.0,2.94,2011-11-17,2.94,2.8
2.85,199180.0,2.96,2011-11-18,2.97,2.8
2.92,14680.0,2.96,2011-11-22,2.96,2.92
2.81,333910.0,2.79,2011-11-23,2.92,2.7
2.7,1770180.0,2.49,2011-11-24,2.8,2.3
2.4,424010.0,2.5,2011-11-25,2.5,2.4
2.35,4850.0,2.5,2011-11-29,2.5,2.35
2.53,106340.0,2.65,2011-12-01,2.71,2.36
2.5,99060.0,2.65,2011-12-02,2.65,2.5
2.36,12020.0,2.58,2011-12-06,2.58,2.36
2.36,9880.0,2.58,2011-12-08,2.58,2.36
2.37,60830.0,2.57,2011-12-09,2.57,2.37
2.55,119890.0,2.69,2011-12-12,2.69,2.55
2.38,20870.0,2.4,2011-12-13,2.69,2.38
2.64,120220.0,2.64,2011-12-14,2.65,2.45
2.48,65550.0,2.65,2011-12-15,2.65,2.48
2.55,29140.0,2.68,2011-12-16,2.68,2.55
2.57,37040.0,2.67,2011-12-19,2.67,2.57
2.69,5380.0,2.69,2011-12-20,2.69,2.69
2.55,5240.0,2.69,2011-12-22,2.69,2.55
2.55,7790.0,2.69,2011-12-23,2.69,2.55
2.48,38050.0,2.69,2011-12-28,2.69,2.46
2.69,10760.0,2.69,2012-01-02,2.69,2.69
2.6,15680.0,2.68,2012-01-03,2.68,2.6
2.45,56260.0,2.65,2012-01-06,2.65,2.41
2.38,46530.0,2.66,2012-01-13,2.66,2.38
2.65,32190.0,2.74,2012-01-16,2.74,2.65
2.7,313880.0,2.99,2012-02-03,2.99,2.7
2.94,496540.0,3.1,2012-02-06,3.1,2.81
3.3,3300.0,3.3,2012-02-07,3.3,3.3
3.4,176800.0,3.4,2012-02-08,3.4,3.4
3.45,10250.0,3.4,2012-02-09,3.45,3.4
2.67,94970.0,3.39,2012-02-14,3.39,2.67
2.71,329670.0,3.25,2012-02-16,3.25,2.64
2.75,22950.0,3.06,2012-02-21,3.06,2.75
3.06,267300.0,2.9,2012-02-22,3.06,2.73
2.75,112570.0,2.95,2012-02-23,2.95,2.73
2.73,5620.0,2.89,2012-02-24,2.89,2.73
2.93,48260.0,2.9,2012-02-27,2.93,2.62
2.82,59220.0,2.82,2012-02-29,2.82,2.82
2.83,2830.0,2.83,2012-03-09,2.83,2.83
2.55,5340.0,2.79,2012-03-12,2.79,2.55
2.82,2820.0,2.82,2012-03-13,2.82,2.82
2.56,268870.0,2.75,2012-03-14,2.75,2.38
2.38,97180.0,2.64,2012-03-15,2.68,2.33
2.65,281000.0,2.72,2012-03-16,2.72,2.34
2.73,2730.0,2.73,2012-03-19,2.73,2.73
2.73,175180.0,2.73,2012-03-23,2.73,2.35
2.33,122180.0,2.72,2012-04-11,2.73,2.33
2.45,126920.0,2.73,2012-04-12,2.73,2.31
2.09,4630.0,2.54,2012-04-26,2.54,2.09
2.09,257740.0,2.4,2012-05-18,2.4,2.09
2.4,62390.0,2.4,2012-05-21,2.44,2.39
2.29,240470.0,2.29,2012-05-22,2.29,2.0
2.27,13580.0,2.26,2012-05-23,2.27,2.26
2.26,9040.0,2.26,2012-05-24,2.26,2.26
2.2,98600.0,2.22,2012-05-25,2.28,1.95
2.26,2260.0,2.26,2012-05-29,2.26,2.26
2.29,2290.0,2.29,2012-06-04,2.29,2.29
2.28,196219.99999999997,2.3,2012-06-06,2.3,2.28
2.3,7340.0,2.6,2012-06-07,2.6,2.3
2.02,25100.0,2.55,2012-06-25,2.55,2.02
2.55,734440.0,2.69,2012-06-26,2.75,2.53
2.69,429960.0,2.8,2012-06-27,2.8,2.6
2.8,214370.0,2.58,2012-06-28,2.8,2.52
2.78,79860.0,2.67,2012-06-29,2.78,2.58
2.7,2700.0,2.7,2012-07-02,2.7,2.7
2.74,18940.0,2.7,2012-07-03,2.74,2.7
2.5,27740.0,2.74,2012-07-04,2.74,2.5
2.72,13600.0,2.72,2012-07-05,2.72,2.72
2.5,52730.0,2.73,2012-07-10,2.73,2.5
2.42,55750.0,2.72,2012-07-12,2.72,2.41
2.5,12730.0,2.34,2012-07-24,2.7,2.34
2.69,280610.0,2.67,2012-07-25,2.7,2.45
2.7,2543690.0,3.0,2012-07-26,3.12,2.6
3.1,2769880.0,3.1,2012-07-27,3.12,2.8
3.15,6305550.0,3.28,2012-07-30,3.39,3.1
3.41,4000810.0,3.43,2012-07-31,3.5,3.29
3.51,3473760.0,3.43,2012-08-01,3.51,3.29
3.4,3264200.0,3.45,2012-08-02,3.52,3.32
3.48,196850.0,3.4,2012-08-03,3.48,3.15
3.43,1888560.0,3.1,2012-08-06,3.45,2.87
2.87,200540.0,3.1,2012-08-08,3.19,2.85
2.86,181270.0,3.01,2012-08-09,3.1,2.86
2.9,161060.0,3.03,2012-08-10,3.06,2.83
2.82,51020.0,3.08,2012-08-13,3.08,2.82
2.86,128950.0,2.95,2012-08-14,3.04,2.82
2.82,13302810.0,2.95,2012-08-15,2.95,2.77
2.77,205820.0,2.88,2012-08-16,2.9,2.67
2.81,800900.0,3.0,2012-08-17,3.0,2.81
2.95,1615490.0,3.0,2012-08-22,3.05,2.78
3.0,811940.0,2.95,2012-08-23,3.12,2.7
2.89,356170.0,2.99,2012-08-30,3.0,2.7
3.02,875850.0,2.4,2012-08-31,3.02,2.4
2.4,6093400.0,1.88,2012-09-03,2.4,1.88
1.88,577620.0,1.9,2012-09-04,1.94,1.8
1.92,1920.0,1.92,2012-09-06,1.92,1.92
1.75,4725570.0,1.61,2012-09-07,1.84,1.6
1.65,312990.0,1.67,2012-09-10,1.68,1.63
1.67,1059200.0,1.7,2012-09-11,1.74,1.6
1.7,88620.0,1.7,2012-09-12,1.7,1.66
1.69,151090.0,1.67,2012-09-13,1.69,1.65
1.7,1096880.0,1.65,2012-09-14,1.7,1.6
1.65,173720.0,1.67,2012-09-17,1.67,1.6
1.62,374710.0,1.65,2012-09-18,1.65,1.59
1.64,101790.0,1.66,2012-09-19,1.66,1.6
1.6,167000.0,1.65,2012-09-20,1.65,1.6
1.65,179730.0,1.64,2012-09-21,1.65,1.6
1.6,287210.0,1.64,2012-09-24,1.64,1.58
1.64,23250.0,1.68,2012-09-25,1.68,1.64
1.58,629070.0,1.65,2012-09-28,1.65,1.55
1.65,513700.0,1.65,2012-10-01,1.65,1.58
1.64,359840.0,1.65,2012-10-02,1.65,1.6
1.63,234530.0,1.62,2012-10-04,1.63,1.52
1.53,335880.0,1.6,2012-10-05,1.6,1.48
1.48,547160.0,1.6,2012-10-08,1.6,1.45
1.63,1630.0,1.63,2012-10-09,1.63,1.63
1.63,24450.0,1.63,2012-10-11,1.63,1.63
1.65,132680.0,1.59,2012-10-12,1.65,1.48
1.61,1610.0,1.61,2012-10-15,1.61,1.61
1.5,929800.0,1.57,2012-10-17,1.58,1.4
1.41,242060.0,1.57,2012-10-19,1.57,1.41
1.41,1338610.0,1.5,2012-10-22,1.54,1.36
1.46,6293630.0,1.36,2012-10-23,1.47,1.35
1.35,1859560.0,1.4,2012-10-24,1.43,1.35
1.36,87350.00000000001,1.41,2012-10-25,1.42,1.36
1.35,29840.0,1.39,2012-10-30,1.39,1.35
1.41,19400.0,1.35,2012-10-31,1.41,1.35
1.44,169450.0,1.34,2012-11-05,1.54,1.34
1.35,107130.0,1.41,2012-11-06,1.5,1.34
1.34,14940.0,1.4,2012-11-07,1.41,1.34
1.37,12390.0,1.4,2012-11-08,1.4,1.37
1.4,255510.0,1.51,2012-11-09,1.57,1.38
1.45,31010.0,1.51,2012-11-14,1.51,1.4
1.52,199260.0,1.5,2012-11-16,1.52,1.36
1.48,218170.0,1.46,2012-11-19,1.48,1.35
1.35,299610.0,1.41,2012-11-20,1.44,1.3
1.28,570090.0,1.39,2012-11-21,1.4,1.18
1.2,3057370.0,1.06,2012-11-22,1.32,1.05
1.1,476890.0,1.1,2012-11-23,1.12,1.02
1.11,229460.0,1.1,2012-11-26,1.11,1.03
1.05,196200.0,1.11,2012-11-27,1.2,1.05
1.14,228970.0,1.15,2012-11-28,1.15,1.05
1.15,8170.0,1.19,2012-11-29,1.19,1.15
1.06,27490.0,1.17,2012-12-03,1.17,1.05
1.14,257270.0,1.13,2012-12-04,1.14,1.05
1.04,145040.0,1.16,2012-12-05,1.17,1.03
1.08,109130.0,1.13,2012-12-06,1.13,1.08
1.04,14530.0,1.1,2012-12-07,1.1,1.01
1.02,281480.0,1.07,2012-12-10,1.1,1.0
1.0,188180.0,1.06,2012-12-11,1.07,0.98
0.99,129200.0,1.05,2012-12-12,1.05,0.97
0.97,259890.0,1.04,2012-12-14,1.05,0.95
0.95,374120.0,1.04,2012-12-17,1.04,0.92
0.94,79180.0,1.01,2012-12-20,1.03,0.9
0.91,283110.0,0.98,2012-12-21,1.0,0.91
0.98,234480.0,1.0,2012-12-26,1.01,0.92
0.99,76150.0,0.99,2012-12-27,1.0,0.98
0.96,267990.0,0.97,2012-12-28,0.98,0.94
0.95,323570.0,0.97,2013-01-02,0.97,0.9
0.94,156450.0,0.95,2013-01-03,0.96,0.92
0.95,1999280.0,0.95,2013-01-04,0.98,0.9
0.95,54490.0,1.03,2013-01-07,1.04,0.95
0.95,49450.0,0.95,2013-01-08,1.0,0.95
0.96,2032740.0,0.91,2013-01-09,1.02,0.9
0.91,432070.0,0.93,2013-01-10,0.94,0.9
0.93,111470.0,0.94,2013-01-11,0.94,0.91
0.91,18950.0,0.93,2013-01-14,0.93,0.9
0.91,139100.0,0.91,2013-01-15,0.91,0.89
0.9,408130.0,0.9,2013-01-16,0.9,0.89
0.88,86760.0,0.9,2013-01-17,0.9,0.88
0.9,72640.0,0.91,2013-01-18,0.91,0.88
0.91,11020.0,0.92,2013-01-21,0.92,0.91
0.91,229950.0,0.94,2013-01-22,0.94,0.91
0.93,40540.0,0.94,2013-01-23,0.94,0.91
0.94,940.0,0.94,2013-01-28,0.94,0.94
0.93,1053930.0,1.0,2013-01-29,1.02,0.93
0.92,11920.0,0.9,2013-01-30,0.92,0.9
0.98,474270.0,0.91,2013-01-31,0.98,0.91
0.92,226800.0,0.98,2013-02-01,0.99,0.92
0.99,637000.0,1.03,2013-02-04,1.04,0.99
0.94,358360.0,1.02,2013-02-05,1.04,0.93
1.03,123710.0,1.02,2013-02-06,1.05,0.99
1.05,72290.0,1.04,2013-02-07,1.05,1.0
1.04,52080.0,1.04,2013-02-08,1.04,1.0
1.05,51550.0,1.01,2013-02-11,1.05,1.01
1.02,192810.0,0.97,2013-02-12,1.04,0.97
1.04,70160.0,1.03,2013-02-13,1.04,0.97
1.03,103000.0,1.03,2013-02-14,1.03,1.03
1.04,18100.0,1.04,2013-02-15,1.04,0.99
0.99,949130.0,0.97,2013-02-18,1.04,0.91
0.95,345650.0,1.02,2013-02-19,1.02,0.93
0.93,9460.0,0.95,2013-02-20,0.95,0.93
0.95,212820.0,0.93,2013-02-21,0.95,0.92
0.93,86560.0,0.93,2013-02-22,0.95,0.93
0.93,6560.0,0.94,2013-02-25,0.94,0.93
0.93,93500.0,0.94,2013-02-26,0.94,0.92
0.97,194000.0,0.97,2013-03-01,0.97,0.97
0.97,30070.0,0.97,2013-03-05,0.97,0.97
0.95,10450.0,0.95,2013-03-06,0.95,0.95
0.98,52840.0,0.96,2013-03-07,0.98,0.96
0.96,192000.0,0.96,2013-03-08,0.96,0.96
0.96,62100.0,0.94,2013-03-11,0.96,0.94
0.95,25650.0,0.95,2013-03-12,0.95,0.95
0.95,11400.0,0.95,2013-03-13,0.95,0.95
0.98,196000.0,0.98,2013-03-14,0.98,0.98
0.98,170260.0,0.99,2013-03-15,0.99,0.98
0.96,30810.0,1.02,2013-03-19,1.02,0.96
0.96,235120.0,0.95,2013-03-20,0.96,0.95
1.04,7220.0,1.03,2013-03-21,1.04,1.03
0.96,11520.0,0.96,2013-03-22,0.96,0.96
1.0,6120.0,1.03,2013-03-25,1.03,1.0
1.03,309340.0,1.0,2013-03-26,1.05,1.0
1.0,360000.0,1.17,2013-03-27,1.17,1.0
1.17,119460.0,1.07,2013-04-01,1.17,1.07
1.06,77200.0,1.12,2013-04-02,1.12,1.06
1.13,121070.0,1.05,2013-04-03,1.15,1.05
1.19,3301400.0,1.45,2013-04-04,1.57,1.18
1.41,1685050.0,1.4,2013-04-05,1.55,1.3
1.31,449030.0,1.42,2013-04-08,1.53,1.31
1.38,9900.0,1.42,2013-04-10,1.42,1.38
1.39,834760.0,1.36,2013-04-11,1.39,1.36
1.4,353820.0,1.38,2013-04-12,1.4,1.32
1.32,345920.0,1.4,2013-04-15,1.4,1.3
1.35,609190.0,1.46,2013-04-16,1.46,1.35
1.4,215750.0,1.35,2013-04-17,1.5,1.35
1.45,36250.0,1.45,2013-04-18,1.45,1.45
1.4,1749570.0,1.51,2013-04-19,1.67,1.4
1.58,129450.0,1.42,2013-04-22,1.6,1.42
1.56,554600.0,1.62,2013-04-23,1.65,1.5
1.67,8150.0,1.62,2013-04-24,1.67,1.62
1.64,24980.0,1.69,2013-04-26,1.69,1.64
1.51,290420.0,1.5,2013-04-29,1.52,1.47
1.59,159000.0,1.59,2013-04-30,1.59,1.59
1.48,122780.0,1.48,2013-05-03,1.48,1.47
1.45,150080.0,1.43,2013-05-07,1.45,1.36
1.35,144430.0,1.66,2013-05-09,1.66,1.35
1.61,67500.0,1.6,2013-05-14,1.64,1.6
1.58,454120.0,1.6,2013-05-16,1.6,1.58
1.42,17040.0,1.42,2013-05-21,1.42,1.42
1.43,113490.0,1.15,2013-05-23,1.59,1.06
1.21,48400.0,1.21,2013-05-24,1.21,1.21
1.22,24320.0,1.2,2013-05-27,1.22,1.2
1.3,7800.0,1.3,2013-05-28,1.3,1.3
1.21,65800.0,1.16,2013-05-30,1.21,1.16
1.21,84700.0,1.21,2013-05-31,1.21,1.21
1.15,13799.999999999998,1.15,2013-06-03,1.15,1.15
1.15,75860.0,1.18,2013-06-05,1.18,1.15
1.14,121000.0,1.21,2013-06-06,1.21,1.14
1.25,12500.0,1.25,2013-06-10,1.25,1.25
1.19,53270.0,1.26,2013-06-11,1.26,1.18
1.42,6860.0,1.19,2013-06-13,1.42,1.19
1.19,448830.0,1.3,2013-06-17,1.3,1.19
1.22,50500.0,1.2,2013-06-18,1.22,1.2
1.21,147460.0,1.2,2013-06-19,1.21,1.18
1.2,48000.0,1.2,2013-06-21,1.2,1.2
1.19,200300.0,1.16,2013-06-24,1.19,1.16
1.16,148530.0,1.1,2013-06-25,1.16,1.1
1.19,119890.0,1.2,2013-06-26,1.2,1.19
1.09,67930.0,1.06,2013-06-28,1.09,1.06
1.25,137500.0,1.25,2013-07-03,1.25,1.25
1.2,120000.0,1.2,2013-07-05,1.2,1.2
1.33,20200.0,1.37,2013-07-09,1.37,1.33
1.36,8160.000000000001,1.36,2013-07-10,1.36,1.36
1.21,2420.0,1.21,2013-07-12,1.21,1.21
1.21,7260.0,1.21,2013-07-15,1.21,1.21
1.3,2600.0,1.3,2013-07-19,1.3,1.3
1.29,12900.0,1.29,2013-07-23,1.29,1.29
1.17,7290.0,1.28,2013-07-24,1.3,1.17
1.16,83300.0,1.15,2013-07-25,1.16,1.15
1.25,3750.0,1.25,2013-07-26,1.25,1.25
1.12,2240.0,1.12,2013-08-12,1.12,1.12
1.13,11280.0,1.12,2013-08-23,1.13,1.12
1.12,51840.0,1.1,2013-08-28,1.12,1.1
1.1,43300.0,1.07,2013-08-29,1.1,1.07
1.07,10700.0,1.07,2013-08-30,1.07,1.07
1.06,21200.0,1.06,2013-09-02,1.06,1.06
1.19,1190.0,1.19,2013-09-03,1.19,1.19
1.05,52500.0,1.05,2013-09-04,1.05,1.05
1.1,6650.0,1.15,2013-09-06,1.15,1.1
1.18,242210.0,1.15,2013-09-11,1.19,1.12
1.16,66830.0,1.2,2013-09-12,1.2,1.15
1.12,312490.0,1.19,2013-09-16,1.19,1.1
1.12,29020.000000000004,1.1,2013-09-18,1.12,1.1
1.15,11500.0,1.15,2013-09-19,1.15,1.15
1.15,121950.0,1.19,2013-09-20,1.19,1.15
1.05,3350.0,1.15,2013-10-02,1.15,1.05
1.15,57499.99999999999,1.15,2013-10-03,1.15,1.15
1.15,57499.99999999999,1.15,2013-10-04,1.15,1.15
1.1,169580.0,1.15,2013-10-09,1.15,1.09
1.09,63290.0,1.09,2013-10-10,1.1,1.09
1.12,113000.0,1.14,2013-10-11,1.14,1.12
1.14,148500.0,1.15,2013-10-14,1.15,1.14
1.15,72659.99999999999,1.22,2013-10-16,1.22,1.15
1.15,104699.99999999999,1.2,2013-10-17,1.2,1.15
1.04,31400.0,1.05,2013-10-21,1.05,1.04
1.15,28750.0,1.15,2013-10-22,1.15,1.15
1.11,7770.000000000001,1.11,2013-10-29,1.11,1.11
1.11,33300.0,1.11,2013-10-30,1.11,1.11
1.17,9160.0,1.22,2013-11-05,1.22,1.11
1.15,58719.99999999999,1.22,2013-11-07,1.22,1.15
1.15,57499.99999999999,1.15,2013-11-08,1.15,1.15
1.18,1180.0,1.18,2013-11-12,1.18,1.18
1.1,697360.0,1.25,2013-11-13,1.3,1.1
1.22,25660.0,1.26,2013-11-14,1.26,1.22
1.26,5040.0,1.26,2013-11-15,1.26,1.26
1.13,57699.99999999999,1.2,2013-11-18,1.2,1.13
1.24,1240.0,1.24,2013-11-19,1.24,1.24
1.15,93730.0,1.23,2013-11-20,1.23,1.15
1.2,45460.0,1.26,2013-11-21,1.29,1.2
1.26,76890.0,1.26,2013-11-22,1.29,1.26
1.38,1380.0,1.38,2013-11-25,1.38,1.38
1.32,132000.0,1.32,2013-12-05,1.32,1.32
1.28,325860.0,1.38,2013-12-06,1.38,1.28
1.33,31520.0,1.28,2013-12-09,1.33,1.28
1.37,17380.0,1.22,2013-12-10,1.37,1.22
1.21,146320.0,1.28,2013-12-11,1.28,1.2
1.21,110530.0,1.28,2013-12-13,1.28,1.2
1.3,1300.0,1.3,2013-12-19,1.3,1.3
1.15,101880.0,1.12,2013-12-26,1.15,1.12
1.11,225310.0,1.26,2013-12-27,1.27,1.07
1.18,122810.0,1.27,2014-01-06,1.27,1.18
1.25,145500.0,1.2,2014-01-07,1.25,1.2
1.27,1270.0,1.27,2014-01-08,1.27,1.27
1.2,140820.0,1.18,2014-01-09,1.2,1.18
1.18,24070.0,1.28,2014-01-10,1.28,1.18
1.18,194230.0,1.26,2014-01-13,1.27,1.18
1.18,35400.0,1.18,2014-01-14,1.18,1.18
1.18,62240.0,1.25,2014-01-16,1.25,1.18
1.18,106660.0,1.16,2014-01-17,1.18,1.16
1.18,49430.0,1.28,2014-01-21,1.29,1.18
1.18,21750.0,1.29,2014-01-22,1.29,1.18
1.27,436390.0,1.3,2014-01-27,1.33,1.27
1.26,230440.0,1.2,2014-01-29,1.28,1.2
1.2,7300.0,1.25,2014-01-30,1.25,1.2
1.18,2450.0,1.27,2014-02-03,1.27,1.18
1.22,25670.0,1.27,2014-02-05,1.27,1.22
1.26,1260.0,1.26,2014-02-11,1.26,1.26
1.2,12000.0,1.2,2014-02-12,1.2,1.2
1.22,32250.0,1.12,2014-02-19,1.22,1.12
1.15,155680.0,1.26,2014-02-20,1.26,1.15
1.22,77590.0,1.3,2014-02-24,1.3,1.22
1.3,1637880.0,1.38,2014-02-25,1.51,1.21
1.45,470330.0,1.42,2014-02-26,1.5,1.4
1.51,1168550.0,1.46,2014-02-27,1.55,1.46
1.42,148970.0,1.46,2014-02-28,1.53,1.4
1.4,29460.0,1.46,2014-03-03,1.46,1.4
1.4,15767069.999999998,1.58,2014-03-04,1.61,1.38
1.51,209470.0,1.59,2014-03-05,1.61,1.51
1.53,960830.0,1.59,2014-03-06,1.61,1.52
1.61,214770.0,1.6,2014-03-07,1.62,1.6
1.62,150810.0,1.59,2014-03-10,1.62,1.55
1.52,184480.0,1.58,2014-03-12,1.58,1.5
1.55,32550.0,1.58,2014-03-13,1.58,1.52
1.5,74940.0,1.58,2014-03-14,1.58,1.49
1.48,10910.0,1.58,2014-03-17,1.58,1.48
1.52,946420.0,1.72,2014-03-19,1.72,1.52
1.72,2280710.0,1.88,2014-03-20,1.94,1.66
1.95,1292780.0,1.96,2014-03-21,2.03,1.95
2.0,3887910.0,1.97,2014-03-24,2.05,1.97
1.94,1530060.0,1.9,2014-03-25,2.02,1.75
1.98,176400.0,1.98,2014-03-26,2.02,1.86
1.92,819150.0,1.85,2014-03-27,1.98,1.85
1.78,23850.0,1.93,2014-03-28,1.94,1.78
1.94,34610.0,1.97,2014-03-31,1.97,1.9
1.9,382800.0,1.8,2014-04-01,1.96,1.8
1.82,251850.0,1.9,2014-04-02,1.96,1.75
1.82,314740.0,1.83,2014-04-03,1.87,1.82
1.78,99260.0,1.83,2014-04-04,1.83,1.76
1.68,28440.0,1.8,2014-04-07,1.8,1.68
1.7,156600.0,1.8,2014-04-08,1.8,1.7
1.8,9050.0,1.85,2014-04-10,1.85,1.8
1.7,171800.0,1.8,2014-04-15,1.8,1.7
1.7,47230.0,1.82,2014-04-16,1.83,1.7
1.65,119700.0,1.8,2014-04-22,1.8,1.65
1.8,222310.0,1.82,2014-04-23,1.85,1.8
1.85,2921760.0,1.86,2014-04-24,1.86,1.8
1.8,375250.0,1.8,2014-04-25,1.8,1.7
1.8,73900.0,1.84,2014-04-28,1.86,1.8
1.86,448360.0,1.8,2014-04-29,1.87,1.8
1.81,43390.0,1.88,2014-04-30,1.88,1.8
1.8,68680.0,1.7,2014-05-02,1.88,1.7
1.71,130520.0,1.75,2014-05-05,1.88,1.71
1.76,31210.0,1.87,2014-05-06,1.88,1.7
1.78,129600.0,1.88,2014-05-09,1.88,1.75
1.8,233400.0,1.85,2014-05-12,1.85,1.78
1.8,259300.0,1.8,2014-05-13,1.85,1.8
1.77,190760.0,1.8,2014-05-14,1.85,1.7
1.71,346410.0,1.85,2014-05-15,1.85,1.69
1.71,85870.0,1.81,2014-05-16,1.81,1.65
1.75,47600.0,1.8,2014-05-19,1.8,1.75
1.81,113470.0,1.84,2014-05-20,1.84,1.72
1.72,148690.0,1.83,2014-05-21,1.83,1.66
1.83,219520.0,1.83,2014-05-22,1.83,1.75
1.67,301150.0,1.75,2014-05-23,1.79,1.62
1.68,26940.0,1.69,2014-05-26,1.69,1.68
1.79,2727700.0,1.7,2014-05-27,1.79,1.7
1.7,205700.0,1.7,2014-05-28,1.7,1.7
1.65,231050.0,1.62,2014-05-29,1.75,1.62
1.62,261740.0,1.62,2014-05-30,1.62,1.61
1.6,8000.0,1.6,2014-06-03,1.6,1.6
1.61,6440.0,1.61,2014-06-04,1.61,1.61
1.62,190180.0,1.65,2014-06-05,1.8,1.62
1.82,35640.0,1.78,2014-06-06,1.82,1.78
1.79,8950.0,1.79,2014-06-09,1.79,1.79
1.82,1820.0,1.82,2014-06-11,1.82,1.82
1.67,240560.0,1.7,2014-06-13,1.7,1.67
1.7,11758900.0,1.7,2014-06-16,1.7,1.7
1.8,131090.0,1.71,2014-06-17,1.8,1.71
1.7,43250.0,1.65,2014-06-18,1.7,1.65
1.76,113500.0,1.7,2014-06-19,1.76,1.7
1.72,5160.0,1.72,2014-06-20,1.72,1.72
1.79,2685000.0,1.79,2014-06-24,1.79,1.79
1.72,68800.0,1.72,2014-06-26,1.72,1.72
1.71,10260000.0,1.71,2014-07-01,1.71,1.71
1.72,10786760.0,1.75,2014-07-02,1.86,1.71
1.84,45670.0,1.73,2014-07-03,1.84,1.73
1.76,5231250.0,2.01,2014-07-07,2.5,1.76
2.02,2495520.0,2.13,2014-07-08,2.34,1.96
2.08,135720.0,2.04,2014-07-09,2.2,2.04
2.01,247069.99999999997,2.0,2014-07-10,2.01,2.0
2.1,210000.0,2.1,2014-07-11,2.1,2.1
2.17,946890.0,2.19,2014-07-14,2.19,2.1
2.19,2284790.0,2.2,2014-07-15,2.35,2.08
2.32,235320.0,2.2,2014-07-17,2.32,2.2
2.11,318330.0,2.12,2014-07-21,2.22,2.11
2.24,1248120.0,2.17,2014-07-22,2.31,2.1
2.31,212800.0,2.25,2014-07-23,2.32,2.18
2.25,3974480.0,2.33,2014-07-24,2.38,2.13
2.33,1275540.0,2.38,2014-07-25,2.38,2.29
2.38,2675990.0,2.59,2014-07-28,2.7,2.38
2.7,10713830.0,3.24,2014-07-30,3.3,2.56
3.2,2603390.0,2.92,2014-07-31,3.22,2.92
2.99,1874130.0,2.93,2014-08-01,3.15,2.9
2.85,467540.0,2.89,2014-08-04,2.89,2.85
2.88,593600.0,2.9,2014-08-05,2.91,2.88
2.9,43500.0,2.9,2014-08-06,2.9,2.9
2.89,60690.0,2.89,2014-08-07,2.89,2.89
2.9,965060.0,2.8,2014-08-08,2.9,2.8
2.76,348300.0,2.77,2014-08-11,2.88,2.76
2.77,930120.0,2.8,2014-08-12,2.95,2.77
2.79,16900.0,2.95,2014-08-13,2.95,2.79
2.9,415320.0,2.9,2014-08-14,3.02,2.79
2.89,339820.0,2.98,2014-08-18,2.98,2.79
2.99,2990.0,2.99,2014-08-19,2.99,2.99
2.99,588660.0,2.99,2014-08-20,3.04,2.85
2.82,11440.0,2.98,2014-08-22,2.98,2.82
2.9,4515320.0,2.9,2014-08-27,2.91,2.9
2.83,140900.0,2.81,2014-08-28,2.83,2.81
2.89,287400.0,3.0,2014-08-29,3.0,2.89
2.87,17220.0,2.87,2014-09-02,2.87,2.87
2.87,31570.0,2.87,2014-09-03,2.87,2.87
2.86,1868100.0,2.93,2014-09-04,2.97,2.78
2.84,37020.0,2.94,2014-09-08,2.94,2.84
2.85,31430.0,2.93,2014-09-09,2.93,2.85
2.85,162380.0,2.84,2014-09-10,2.85,2.84
2.79,253710.0,2.76,2014-09-12,2.8,2.76
2.8,56000.0,2.8,2014-09-15,2.8,2.8
2.75,126500.0,2.75,2014-09-16,2.75,2.75
2.8,195000.0,2.78,2014-09-18,2.8,2.78
2.75,328080.0,2.7,2014-09-23,2.75,2.7
2.82,4230000.0,2.82,2014-09-24,2.82,2.82
2.82,123890.0,2.75,2014-09-25,2.82,2.75
2.75,79750.0,2.75,2014-09-26,2.75,2.75
2.79,8370.0,2.79,2014-09-29,2.79,2.79
2.75,227590.0,2.73,2014-09-30,2.75,2.73
2.73,181410.0,2.7,2014-10-02,2.73,2.7
2.62,194880.0,2.75,2014-10-07,2.75,2.6
2.6,20800.0,2.6,2014-10-08,2.6,2.6
2.46,2399600.0,2.88,2014-10-09,3.05,2.45
2.89,624960.0,2.71,2014-10-10,2.89,2.71
2.71,95250.0,2.71,2014-10-13,2.75,2.71
2.58,25800.0,2.58,2014-10-16,2.58,2.58
2.62,52350.0,2.62,2014-10-17,2.62,2.61
2.63,172240.0,2.7,2014-10-21,2.7,2.63
2.7,18900.0,2.7,2014-10-23,2.7,2.7
2.63,13150.0,2.63,2014-10-24,2.63,2.63
2.7,4050000.0000000005,2.7,2014-10-27,2.7,2.7
2.65,158650.0,2.62,2014-10-28,2.65,2.62
2.74,83260.0,2.68,2014-10-31,2.74,2.68
2.88,2880.0,2.88,2014-11-03,2.88,2.88
2.75,13750.0,2.75,2014-11-10,2.75,2.75
2.87,2870.0,2.87,2014-11-11,2.87,2.87
2.7,13500.0,2.7,2014-11-14,2.7,2.7
2.64,2640.0,2.64,2014-11-20,2.64,2.64
2.64,10560.0,2.64,2014-11-21,2.64,2.64
2.64,13200.0,2.64,2014-11-24,2.64,2.64
2.75,4127860.0,2.86,2014-11-25,2.86,2.75
2.86,40040.0,2.86,2014-11-28,2.86,2.86
2.85,7649370.0,2.91,2014-12-01,3.35,2.85
2.91,195170.0,2.91,2014-12-02,2.92,2.91
2.91,275640.0,2.84,2014-12-03,2.91,2.84
2.9,228780.0,2.86,2014-12-04,2.9,2.86
2.84,115300.0,2.9,2014-12-05,2.9,2.78
2.71,122830.0,2.95,2014-12-10,2.98,2.71
2.95,137140.0,2.72,2014-12-11,2.95,2.72
2.72,22060.0,2.78,2014-12-15,2.78,2.72
2.79,390800.0,2.8,2014-12-16,2.8,2.78
2.8,155740.0,2.78,2014-12-17,2.8,2.78
2.78,5560.0,2.78,2014-12-18,2.78,2.78
2.64,29200.0,2.8,2014-12-19,2.8,2.64
2.66,13300.0,2.66,2014-12-23,2.66,2.66
2.7,4076480.0,2.7,2014-12-29,2.7,2.64
2.79,2790.0,2.79,2015-01-05,2.79,2.79
2.6,26350.0,2.8,2015-01-07,2.8,2.6
2.71,40650.0,2.71,2015-01-08,2.71,2.71
2.68,24120.0,2.68,2015-01-09,2.68,2.68
2.61,91200.0,2.75,2015-01-12,2.75,2.6
2.61,59850.0,2.6,2015-01-13,2.61,2.6
2.6,18200.0,2.6,2015-01-14,2.6,2.6
2.6,13000.0,2.6,2015-01-22,2.6,2.6
2.59,20720.0,2.59,2015-01-23,2.59,2.59
2.65,4000900.0,2.59,2015-01-26,2.65,2.59
2.51,150100.0,2.5,2015-01-27,2.51,2.5
2.47,123500.0,2.47,2015-01-28,2.47,2.47
2.47,294650.0,2.45,2015-01-29,2.47,2.45
2.45,382410.0,2.47,2015-01-30,2.47,2.36
2.36,11800.0,2.36,2015-02-02,2.36,2.36
2.36,113100.0,2.26,2015-02-03,2.36,2.26
2.26,2260.0,2.26,2015-02-05,2.26,2.26
2.26,11300.0,2.26,2015-02-10,2.26,2.26
2.26,292800.0,2.25,2015-02-13,2.26,2.25
2.38,19490.0,2.4,2015-02-17,2.47,2.38
2.4,9600.0,2.4,2015-02-18,2.4,2.4
2.4,197430.0,2.51,2015-02-24,2.7,2.4
2.66,769160.0,2.74,2015-02-25,2.8,2.66
2.82,3316190.0,2.8,2015-02-26,3.1,2.75
2.97,2970.0,2.97,2015-02-27,2.97,2.97
2.92,281940.0,2.83,2015-03-02,2.92,2.8
2.83,98200.0,2.75,2015-03-03,2.83,2.75
2.8,14000.0,2.8,2015-03-04,2.8,2.8
2.71,84010.0,2.71,2015-03-05,2.71,2.71
2.6,35120.0,2.71,2015-03-10,2.71,2.6
2.9,110200.0,2.9,2015-03-12,2.9,2.9
2.65,42400.0,2.65,2015-03-16,2.65,2.65
2.75,2750.0,2.75,2015-03-17,2.75,2.75
2.75,179130.0,2.56,2015-03-19,2.8,2.56
2.7,43860.0,2.56,2015-03-20,2.7,2.56
2.56,75460.0,2.6,2015-03-23,2.62,2.56
2.79,153900.0,2.8,2015-03-24,2.8,2.79
2.9,510470.0,2.8,2015-03-25,3.01,2.8
2.7,92050.0,2.71,2015-03-27,2.71,2.7
2.8,14000.0,2.8,2015-03-30,2.8,2.8
2.83,87580.0,2.82,2015-03-31,2.83,2.82
2.92,1886170.0,3.0,2015-04-06,3.06,2.92
3.0,119000.0,2.9,2015-04-07,3.0,2.9
2.9,300150.0,3.05,2015-04-08,3.05,2.8
0.38,150350.0,0.29,2015-04-10,0.38,0.29
0.26,130000.0,0.26,2015-04-15,0.26,0.26
0.29,63700.0,0.28,2015-04-16,0.29,0.28
0.28,170600.0,0.275,2015-04-17,0.28,0.275
0.275,27500.0,0.275,2015-04-21,0.275,0.275
0.27,75750.0,0.27,2015-04-22,0.275,0.27
0.27,37800.0,0.27,2015-04-23,0.27,0.27
0.28,212150.0,0.285,2015-04-28,0.285,0.27
0.285,299250.0,0.285,2015-04-29,0.285,0.285
0.285,114000.0,0.285,2015-04-30,0.285,0.285
0.275,69300.0,0.29,2015-05-04,0.29,0.275
0.285,1000500.0,0.305,2015-05-05,0.31,0.285
0.3,2131400.0,0.31,2015-05-06,0.32,0.3
0.31,5129250.0,0.34,2015-05-07,0.35,0.305
0.34,1655150.0,0.31,2015-05-08,0.34,0.31
0.31,528850.0,0.295,2015-05-11,0.31,0.29
0.29,634250.0,0.285,2015-05-12,0.29,0.285
0.315,651750.0,0.29,2015-05-13,0.315,0.285
0.285,271250.0,0.285,2015-05-14,0.29,0.285
0.28,34150.0,0.285,2015-05-15,0.285,0.28
0.285,22800.0,0.285,2015-05-18,0.285,0.285
0.28,72800.0,0.28,2015-05-19,0.28,0.28
0.285,5700.0,0.285,2015-05-20,0.285,0.285
0.28,95200.0,0.28,2015-05-22,0.28,0.28
0.275,145750.0,0.285,2015-05-25,0.285,0.27
0.285,8550.0,0.285,2015-05-26,0.285,0.285
0.265,123350.0,0.285,2015-05-27,0.285,0.26
0.26,28850.0,0.285,2015-05-28,0.285,0.26
0.26,85800.0,0.26,2015-06-01,0.26,0.26
0.26,52000.0,0.26,2015-06-02,0.26,0.26
0.26,21000.0,0.28,2015-06-04,0.28,0.26
0.29,46400.0,0.29,2015-06-08,0.29,0.29
0.255,205500.0,0.24,2015-06-09,0.255,0.24
0.26,18500.0,0.27,2015-06-10,0.27,0.26
0.26,5200.0,0.26,2015-06-11,0.26,0.26
0.245,24250.0,0.25,2015-06-16,0.25,0.23
0.245,2450.0,0.245,2015-06-17,0.245,0.245
0.245,4900.0,0.245,2015-06-18,0.245,0.245
0.231,14810.0,0.25,2015-06-22,0.25,0.231
0.26,12600.0,0.25,2015-06-24,0.26,0.25
0.24,7200.0,0.24,2015-06-25,0.24,0.24
0.24,7200.0,0.24,2015-06-25,0.24,0.24
0.24,46830.0,0.231,2015-06-26,0.24,0.231
0.23,48700.0,0.27,2015-06-29,0.27,0.23
0.27,2700.0,0.27,2015-07-03,0.27,0.27
0.26,2600.0,0.26,2015-07-06,0.26,0.26
0.27,1172550.0,0.26,2015-07-07,0.285,0.26
0.25,56460.0,0.242,2015-07-09,0.25,0.242
0.241,2410.0,0.241,2015-07-13,0.241,0.241
0.241,2410.0,0.241,2015-07-13,0.241,0.241
0.24,240040.0,0.24,2015-07-14,0.241,0.24
0.24,4800.0,0.24,2015-07-16,0.24,0.24
0.242,48400.0,0.242,2015-07-20,0.242,0.242
0.27,27000.0,0.27,2015-07-22,0.27,0.27
0.25,63000.0,0.255,2015-07-24,0.255,0.25
0.25,37500.0,0.25,2015-07-27,0.25,0.25
0.25,25000.0,0.25,2015-07-30,0.25,0.25
0.25,25000.0,0.25,2015-07-31,0.25,0.25
0.245,2450.0,0.245,2015-08-03,0.245,0.245
0.247,52290.0,0.25,2015-08-04,0.25,0.247
0.25,50000.0,0.25,2015-08-05,0.25,0.25
0.248,37200.0,0.248,2015-08-07,0.248,0.248
0.26,262850.0,0.26,2015-08-11,0.27,0.26
0.26,18200.0,0.26,2015-08-13,0.26,0.26
0.26,26000.0,0.26,2015-08-14,0.26,0.26
0.245,34100.0,0.243,2015-08-17,0.245,0.243
0.242,14520.0,0.242,2015-08-18,0.242,0.242
0.243,48650.0,0.244,2015-08-19,0.244,0.243
0.244,24400.0,0.244,2015-08-20,0.244,0.244
0.242,339630.0,0.235,2015-08-24,0.242,0.235
0.22,22000.0,0.22,2015-09-01,0.22,0.22
0.23,48300.0,0.23,2015-09-10,0.23,0.23
0.245,4900.0,0.245,2015-09-17,0.245,0.245
0.235,164300.0,0.233,2015-09-21,0.235,0.233
0.255,7650.0,0.255,2015-09-22,0.255,0.255
0.233,79220.0,0.233,2015-09-28,0.233,0.233
0.26,89200.0,0.255,2015-10-05,0.27,0.255
0.27,70100.0,0.26,2015-10-06,0.27,0.26
0.26,236600.0,0.245,2015-10-14,0.275,0.245
0.265,142750.0,0.255,2015-10-15,0.27,0.255
0.27,53000.0,0.26,2015-10-16,0.27,0.26
0.275,1327900.0,0.27,2015-10-19,0.29,0.265
0.26,38850.0,0.255,2015-10-20,0.26,0.255
0.255,35250.0,0.25,2015-10-21,0.255,0.25
0.25,25000.0,0.25,2015-10-22,0.25,0.25
0.255,22950.0,0.255,2015-10-23,0.255,0.255
0.255,25500.0,0.255,2015-10-26,0.255,0.255
0.25,22700.0,0.255,2015-10-27,0.255,0.25
0.25,10000.0,0.25,2015-10-28,0.25,0.25
0.25,2500.0,0.25,2015-10-29,0.25,0.25
0.25,12500.0,0.25,2015-10-30,0.25,0.25
0.255,10200.0,0.255,2015-11-04,0.255,0.255
0.265,45700.0,0.255,2015-11-05,0.265,0.25
0.25,25000.0,0.25,2015-11-06,0.25,0.25
0.265,34600.0,0.27,2015-11-09,0.27,0.265
0.255,76010.0,0.239,2015-11-10,0.255,0.239
0.26,25500.0,0.25,2015-11-11,0.26,0.25
0.26,36600.0,0.27,2015-11-12,0.27,0.25
0.275,10750.0,0.25,2015-11-13,0.275,0.25
0.25,50000.0,0.25,2015-11-16,0.25,0.25
0.25,5000.0,0.25,2015-11-17,0.25,0.25
0.246,2460.0,0.246,2015-11-20,0.246,0.246
0.246,7380.0,0.246,2015-11-23,0.246,0.246
0.246,96700.0,0.237,2015-11-24,0.246,0.236
0.237,47260.0,0.236,2015-11-26,0.237,0.236
0.239,47600.0,0.237,2015-11-27,0.239,0.237
0.237,151640.0,0.236,2015-12-02,0.245,0.236
0.237,11850.0,0.237,2015-12-04,0.237,0.237
0.236,309180.0,0.236,2015-12-07,0.237,0.236
0.235,93850.0,0.235,2015-12-08,0.235,0.234
0.234,90680.0,0.232,2015-12-10,0.234,0.232
0.232,141600.0,0.228,2015-12-14,0.232,0.228
0.228,204420.0,0.221,2015-12-15,0.228,0.221
0.22,204600.0,0.22,2015-12-16,0.22,0.22
0.22,241400.0,0.219,2015-12-17,0.22,0.219
0.216,127050.0,0.215,2015-12-21,0.216,0.215
0.215,64550.0,0.208,2015-12-22,0.215,0.208
0.215,2150.0,0.215,2016-01-06,0.215,0.215
0.21,104900.0,0.2,2016-01-07,0.21,0.2
0.205,102500.0,0.205,2016-01-08,0.205,0.205
0.185,90000.0,0.175,2016-01-26,0.185,0.175
0.21,8400.0,0.21,2016-01-28,0.21,0.21
0.18,7200.0,0.18,2016-01-29,0.18,0.18
0.23,11500.0,0.23,2016-02-01,0.23,0.23
0.19,5710.0,0.191,2016-02-09,0.191,0.19
0.23,165120.0,0.234,2016-02-16,0.24,0.23
0.239,11950.0,0.239,2016-02-17,0.239,0.239
0.24,117600.0,0.24,2016-02-18,0.24,0.24
0.25,112500.0,0.25,2016-03-03,0.25,0.25
0.255,51000.0,0.255,2016-03-04,0.255,0.255
0.255,12750.0,0.255,2016-03-07,0.255,0.255
0.255,141050.0,0.255,2016-03-08,0.255,0.25
0.255,72950.0,0.255,2016-03-09,0.255,0.25
0.26,335000.0,0.27,2016-03-10,0.27,0.26
0.27,1537250.0,0.275,2016-03-11,0.275,0.265
0.275,392250.0,0.285,2016-03-14,0.29,0.275
0.28,78400.0,0.28,2016-03-15,0.28,0.28
0.28,324250.0,0.285,2016-03-16,0.285,0.28
0.285,349200.0,0.285,2016-03-17,0.29,0.285
0.285,150550.0,0.29,2016-03-18,0.29,0.285
0.295,30950.0,0.28,2016-03-22,0.295,0.28
0.295,503950.0,0.305,2016-03-28,0.305,0.29
0.29,72500.0,0.29,2016-03-29,0.29,0.29
0.29,72700.0,0.3,2016-03-31,0.3,0.29
0.3,118500.0,0.295,2016-04-01,0.3,0.295
0.3,128100.0,0.295,2016-04-04,0.3,0.295
0.295,137400.0,0.29,2016-04-05,0.295,0.29
0.29,49300.0,0.29,2016-04-06,0.29,0.29
0.28,42000.0,0.28,2016-04-07,0.28,0.28
0.3,26200.0,0.28,2016-04-08,0.3,0.28
0.295,3272350.0,0.32,2016-04-11,0.35,0.295
0.34,317600.0,0.32,2016-04-12,0.34,0.32
0.325,479600.0,0.32,2016-04-13,0.325,0.285
0.31,47000.0,0.315,2016-04-14,0.315,0.31
0.315,46750.0,0.305,2016-04-15,0.315,0.305
0.295,95000.0,0.3,2016-04-20,0.3,0.295
0.29,444100.0,0.285,2016-04-21,0.29,0.285
0.305,1000400.0,0.325,2016-04-22,0.335,0.305
0.325,8002700.0,0.42,2016-04-25,0.475,0.325
0.435,3407500.0,0.38,2016-04-26,0.44,0.37
0.38,2111300.0,0.36,2016-04-27,0.39,0.35
0.38,1625350.0,0.385,2016-04-28,0.41,0.375
0.385,926750.0,0.375,2016-04-29,0.39,0.375
0.375,1607400.0,0.385,2016-05-02,0.405,0.375
0.4,5813750.0,0.44,2016-05-03,0.46,0.4
0.455,12153300.0,0.495,2016-05-04,0.52,0.45
0.52,6136900.0,0.445,2016-05-05,0.54,0.445
0.44,910300.0,0.435,2016-05-06,0.475,0.425
0.44,910300.0,0.435,2016-05-06,0.475,0.425
0.435,4400900.0,0.5,2016-05-10,0.51,0.435
0.52,1565570.0,0.495,2016-05-11,0.53,0.49
0.495,9683750.0,0.5,2016-05-12,0.54,0.47
0.5,6092075.0,0.45,2016-05-13,0.53,0.45
0.48,1333600.0,0.46,2016-05-16,0.48,0.42
0.435,834350.0,0.435,2016-05-17,0.46,0.43
0.43,3075300.0,0.36,2016-05-18,0.43,0.355
0.39,1105550.0,0.385,2016-05-19,0.395,0.375
0.355,482800.0,0.335,2016-05-20,0.38,0.33
0.335,557150.0,0.37,2016-05-23,0.38,0.335
0.38,162500.0,0.35,2016-05-24,0.38,0.345
0.365,1119500.0,0.36,2016-05-25,0.38,0.34
0.36,1705450.0,0.39,2016-05-26,0.395,0.36
0.4,1007750.0,0.38,2016-05-27,0.415,0.38
0.37,4251250.0,0.38,2016-05-30,0.38,0.37
0.38,296700.0,0.38,2016-05-31,0.385,0.38
0.38,2815800.0,0.38,2016-06-01,0.38,0.38
0.4,544000.0,0.38,2016-06-02,0.4,0.38
0.385,96250.0,0.385,2016-06-03,0.385,0.385
0.395,534700.0,0.375,2016-06-06,0.395,0.375
0.37,1099400.0,0.37,2016-06-07,0.38,0.365
0.37,237550.0,0.37,2016-06-08,0.375,0.37
0.365,58400.0,0.365,2016-06-09,0.365,0.365
0.375,143050.0,0.365,2016-06-10,0.375,0.365
0.36,133700.0,0.36,2016-06-13,0.365,0.36
0.36,578250.0,0.36,2016-06-14,0.36,0.345
0.345,79350.0,0.345,2016-06-15,0.345,0.345
0.34,80200.0,0.35,2016-06-16,0.35,0.34
0.345,56950.0,0.35,2016-06-17,0.365,0.345
0.345,62250.0,0.375,2016-06-20,0.375,0.345
0.355,10650.0,0.355,2016-06-21,0.355,0.355
0.37,1290100.0,0.39,2016-06-23,0.415,0.37
0.39,238950.0,0.375,2016-06-24,0.39,0.375
0.375,494400.0,0.375,2016-06-27,0.39,0.375
0.37,186500.0,0.375,2016-06-28,0.38,0.37
0.385,71350.0,0.37,2016-06-29,0.385,0.37
0.36,18300.0,0.37,2016-06-30,0.37,0.36
0.385,152600.0,0.385,2016-07-01,0.385,0.37
0.37,162100.0,0.36,2016-07-04,0.37,0.36
0.36,184200.0,0.36,2016-07-05,0.37,0.36
0.37,494150.0,0.39,2016-07-07,0.39,0.37
0.385,15400.0,0.385,2016-07-11,0.385,0.385
0.375,409800.0,0.375,2016-07-12,0.375,0.36
0.37,18400.0,0.365,2016-07-13,0.375,0.365
0.375,835450.0,0.39,2016-07-14,0.39,0.375
0.375,3750.0,0.375,2016-07-15,0.375,0.375
0.37,358900.0,0.37,2016-07-18,0.37,0.37
0.37,2434450.0,0.405,2016-07-19,0.41,0.37
0.41,362650.0,0.395,2016-07-20,0.41,0.395
0.395,201150.0,0.395,2016-07-21,0.42,0.38
0.38,135100.0,0.385,2016-07-22,0.395,0.38
0.39,357800.0,0.395,2016-07-25,0.415,0.39
0.41,842750.0,0.395,2016-07-26,0.42,0.395
0.39,19850.0,0.395,2016-07-27,0.41,0.39
0.395,110550.0,0.39,2016-07-28,0.395,0.39
0.38,520150.0,0.395,2016-07-29,0.41,0.38
0.41,121000.0,0.4,2016-08-01,0.41,0.4
0.4,244400.0,0.405,2016-08-02,0.42,0.4
0.4,215400.0,0.385,2016-08-03,0.4,0.385
0.395,184350.0,0.4,2016-08-04,0.4,0.38
0.4,1805450.0,0.41,2016-08-05,0.425,0.4
0.41,738500.0,0.425,2016-08-08,0.425,0.4
0.42,718150.0,0.395,2016-08-09,0.425,0.395
0.395,98750.0,0.395,2016-08-11,0.395,0.395
0.385,396350.0,0.385,2016-08-12,0.385,0.38
0.405,778100.0,0.385,2016-08-15,0.405,0.385
0.385,92400.0,0.385,2016-08-16,0.385,0.385
0.385,180950.0,0.385,2016-08-17,0.385,0.385
0.385,203950.0,0.38,2016-08-18,0.385,0.38
0.4,3007800.0,0.385,2016-08-19,0.405,0.375
0.395,464800.0,0.385,2016-08-22,0.4,0.385
0.39,154500.0,0.385,2016-08-23,0.39,0.385
0.385,1521250.0,0.385,2016-08-24,0.4,0.38
0.38,1048600.0,0.375,2016-08-25,0.38,0.375
0.375,239350.0,0.375,2016-08-26,0.395,0.375
0.375,11392100.0,0.37,2016-08-30,0.375,0.37
0.395,71100.0,0.395,2016-08-31,0.395,0.395
0.39,176550.0,0.375,2016-09-01,0.39,0.375
0.385,341900.0,0.4,2016-09-02,0.4,0.385
0.395,3950.0,0.395,2016-09-05,0.395,0.395
0.395,3950.0,0.395,2016-09-05,0.395,0.395
0.4,22750.0,0.375,2016-09-06,0.4,0.375
0.38,7600.0,0.38,2016-09-09,0.38,0.38
0.38,85500.0,0.37,2016-09-13,0.38,0.37
0.37,99900.0,0.37,2016-09-14,0.37,0.37
0.37,540200.0,0.37,2016-09-15,0.37,0.37
0.385,139400.0,0.365,2016-09-16,0.385,0.365
0.365,273750.0,0.365,2016-09-19,0.365,0.365
0.365,7300.0,0.365,2016-09-21,0.365,0.365
0.365,40150.0,0.365,2016-09-22,0.365,0.365
0.365,368650.0,0.365,2016-09-26,0.365,0.365
0.365,244550.0,0.365,2016-09-27,0.365,0.365
0.365,203050.0,0.39,2016-09-28,0.39,0.36
0.365,357750.0,0.36,2016-09-29,0.365,0.36
0.36,32400.0,0.36,2016-09-30,0.36,0.36
0.36,18000.0,0.36,2016-10-03,0.36,0.36
0.36,36000.0,0.36,2016-10-04,0.36,0.36
0.36,90000.0,0.36,2016-10-05,0.36,0.36
0.36,115150.0,0.355,2016-10-06,0.36,0.355
0.36,7200.0,0.36,2016-10-07,0.36,0.36
0.355,21200.0,0.35,2016-10-11,0.355,0.35
0.35,186500.0,0.345,2016-10-12,0.35,0.345
0.35,186500.0,0.345,2016-10-12,0.35,0.345
0.325,405100.0,0.36,2016-10-14,0.36,0.315
0.355,7100.0,0.355,2016-10-17,0.355,0.355
0.345,119250.0,0.34,2016-10-19,0.345,0.34
0.33,6600.0,0.33,2016-10-20,0.33,0.33
0.345,10350.0,0.345,2016-10-25,0.345,0.345
0.345,13650.0,0.34,2016-10-26,0.345,0.34
0.31,31000.0,0.31,2016-11-02,0.31,0.31
0.31,46050.0,0.305,2016-11-09,0.31,0.305
0.32,9700.0,0.325,2016-11-21,0.325,0.32
0.32,6400.0,0.32,2016-11-22,0.32,0.32
0.32,3200.0,0.32,2016-11-28,0.32,0.32
0.31,6150.0,0.305,2016-12-07,0.31,0.305
0.305,27650.0,0.31,2016-12-09,0.31,0.305
0.34,288700.0,0.32,2016-12-16,0.355,0.315
0.305,42700.0,0.305,2016-12-22,0.305,0.305
0.305,21350.0,0.305,2016-12-23,0.305,0.305
0.305,76250.0,0.305,2016-12-27,0.305,0.305
0.3,3000.0,0.3,2017-01-11,0.3,0.3
0.32,232550.0,0.33,2017-01-12,0.335,0.31
0.305,30750.0,0.31,2017-01-16,0.31,0.305
0.305,107000.0,0.33,2017-01-18,0.33,0.305
0.31,6400.0,0.33,2017-01-20,0.33,0.31
0.31,193600.0,0.31,2017-01-23,0.32,0.305
0.31,9300.0,0.31,2017-01-26,0.31,0.31
0.33,9900.0,0.33,2017-01-30,0.33,0.33
0.31,261800.0,0.33,2017-01-31,0.33,0.31
0.33,1451550.0,0.36,2017-02-01,0.37,0.33
0.37,299850.0,0.37,2017-02-02,0.375,0.37
0.355,289500.0,0.35,2017-02-03,0.355,0.345
0.345,20700.0,0.345,2017-02-06,0.345,0.345
0.34,81650.0,0.345,2017-02-07,0.345,0.34
0.34,44200.0,0.34,2017-02-08,0.34,0.34
0.37,295700.0,0.35,2017-02-10,0.38,0.35
0.37,295700.0,0.35,2017-02-10,0.38,0.35
0.34,801150.0,0.335,2017-02-14,0.34,0.335
0.37,166500.0,0.37,2017-02-20,0.37,0.37
0.35,21500.0,0.36,2017-02-22,0.36,0.35
0.38,577150.0,0.39,2017-02-23,0.39,0.38
0.385,23150.0,0.39,2017-02-24,0.39,0.385
0.37,14800.0,0.37,2017-02-27,0.37,0.37
0.38,321800.0,0.39,2017-03-01,0.395,0.38
0.39,408300.0,0.4,2017-03-02,0.4,0.39
0.375,30000.0,0.375,2017-03-06,0.375,0.375
0.375,37500.0,0.375,2017-03-07,0.375,0.375
0.37,85100.0,0.37,2017-03-09,0.37,0.37
0.365,40650.0,0.37,2017-03-10,0.37,0.365
0.36,951750.0,0.365,2017-03-14,0.375,0.35
0.36,18000.0,0.36,2017-03-15,0.36,0.36
0.35,902250.0,0.355,2017-03-21,0.36,0.335
0.33,753750.0,0.34,2017-03-22,0.34,0.315
0.33,59400.0,0.33,2017-03-23,0.33,0.33
0.32,112450.0,0.335,2017-03-24,0.335,0.315
0.315,16000.0,0.34,2017-03-28,0.34,0.315
0.315,930000.0,0.315,2017-03-31,0.315,0.305
0.315,60950.0,0.34,2017-04-04,0.34,0.315
0.335,16750.0,0.335,2017-04-05,0.335,0.335
0.345,35702800.0,0.46,2017-04-06,0.5,0.345
0.475,50301300.0,0.55,2017-04-07,0.56,0.435
0.57,57600700.0,0.44,2017-04-10,0.58,0.43
0.455,3433700.0,0.44,2017-04-11,0.46,0.41
0.435,952800.0,0.45,2017-04-12,0.46,0.435
0.46,3155400.0,0.435,2017-04-17,0.465,0.435
0.43,2197800.0,0.42,2017-04-18,0.46,0.42
0.42,1038000.0,0.415,2017-04-19,0.42,0.41
0.415,11110950.0,0.435,2017-04-20,0.46,0.41
0.455,4244450.0,0.435,2017-04-21,0.46,0.425
0.445,4043950.0,0.45,2017-04-24,0.465,0.445
0.455,1699450.0,0.445,2017-04-25,0.46,0.43
0.445,13578850.0,0.45,2017-04-26,0.475,0.435
0.435,5088400.0,0.425,2017-04-27,0.435,0.42
0.43,1069550.0,0.42,2017-05-02,0.435,0.42
0.415,1333400.0,0.425,2017-05-03,0.435,0.41
0.43,101950.0,0.425,2017-05-04,0.43,0.42
0.42,139800.0,0.42,2017-05-05,0.43,0.42
0.415,1033850.0,0.42,2017-05-08,0.42,0.415
0.415,6261300.0,0.37,2017-05-09,0.415,0.37
0.37,6191800.0,0.365,2017-05-10,0.405,0.365
0.385,976850.0,0.37,2017-05-11,0.385,0.355
0.36,121350.0,0.37,2017-05-12,0.37,0.355
0.385,257450.0,0.38,2017-05-15,0.385,0.37
0.37,3058450.0,0.35,2017-05-16,0.37,0.345
0.345,1825350.0,0.35,2017-05-17,0.365,0.345
0.345,2012450.0,0.33,2017-05-18,0.345,0.33
0.335,1603050.0,0.335,2017-05-19,0.34,0.335
0.33,426100.0,0.335,2017-05-22,0.35,0.33
0.335,93800.0,0.335,2017-05-23,0.335,0.335
0.33,320600.0,0.33,2017-05-24,0.33,0.325
0.345,652050.0,0.325,2017-05-25,0.35,0.325
0.345,2255950.0,0.355,2017-05-26,0.365,0.345
0.365,2886850.0,0.37,2017-05-29,0.385,0.36
0.385,388100.0,0.355,2017-05-30,0.385,0.355
0.35,322400.0,0.35,2017-05-31,0.36,0.35
0.34,68950.0,0.36,2017-06-01,0.36,0.34
0.355,100250.0,0.345,2017-06-02,0.355,0.345
0.355,100250.0,0.345,2017-06-02,0.355,0.345
0.37,600650.0,0.365,2017-06-05,0.37,0.345
0.34,51900.0,0.345,2017-06-06,0.36,0.34
0.34,255900.0,0.345,2017-06-07,0.35,0.335
0.35,17500.0,0.35,2017-06-08,0.35,0.35
0.34,54400.0,0.34,2017-06-13,0.34,0.34
0.34,3400.0,0.34,2017-06-14,0.34,0.34
0.34,85250.0,0.34,2017-06-15,0.345,0.34
0.34,20500.0,0.35,2017-06-19,0.35,0.34
0.35,339000.0,0.335,2017-06-21,0.35,0.335
0.335,162000.0,0.355,2017-06-22,0.36,0.335
0.355,459850.0,0.36,2017-06-23,0.365,0.355
0.365,1011600.0,0.365,2017-06-27,0.375,0.355
0.37,147350.0,0.35,2017-06-28,0.37,0.34
0.36,3600.0,0.36,2017-06-29,0.36,0.36
0.36,237200.0,0.365,2017-06-30,0.365,0.36
0.34,565150.0,0.35,2017-07-03,0.355,0.34
0.34,64900.0,0.34,2017-07-04,0.35,0.34
0.335,239350.0,0.35,2017-07-05,0.35,0.335
0.35,7000.0,0.35,2017-07-06,0.35,0.35
0.355,196750.0,0.335,2017-07-07,0.355,0.335
0.34,120800.0,0.335,2017-07-10,0.34,0.335
0.34,499350.0,0.335,2017-07-11,0.34,0.33
0.33,169000.0,0.34,2017-07-12,0.34,0.33
0.34,314200.0,0.33,2017-07-13,0.34,0.33
0.335,103650.0,0.34,2017-07-14,0.34,0.33
0.335,250950.0,0.345,2017-07-18,0.345,0.33
0.34,212100.0,0.345,2017-07-19,0.345,0.335
0.335,83750.0,0.335,2017-07-20,0.335,0.335
0.33,264000.0,0.33,2017-07-21,0.33,0.33
0.33,23400.0,0.335,2017-07-24,0.335,0.33
0.335,13400.0,0.335,2017-07-25,0.335,0.335
0.335,189600.0,0.33,2017-07-27,0.335,0.33
0.33,303600.0,0.33,2017-07-28,0.33,0.33
0.335,393350.0,0.325,2017-07-31,0.335,0.325
0.32,64050.0,0.325,2017-08-01,0.325,0.32
0.32,380800.0,0.32,2017-08-02,0.32,0.32
0.315,18950.0,0.32,2017-08-03,0.32,0.315
0.315,69300.0,0.315,2017-08-09,0.315,0.315
0.315,123100.0,0.315,2017-08-10,0.32,0.315
0.315,207150.0,0.31,2017-08-11,0.315,0.31
0.31,58650.0,0.305,2017-08-14,0.31,0.305
0.305,170800.0,0.305,2017-08-15,0.305,0.305
0.325,3250.0,0.325,2017-08-16,0.325,0.325
0.325,29250.0,0.325,2017-08-17,0.325,0.325
0.31,84900.0,0.32,2017-08-18,0.32,0.31
0.32,64000.0,0.32,2017-08-25,0.32,0.32
0.31,18600.0,0.31,2017-08-31,0.31,0.31
0.305,494700.0,0.31,2017-09-04,0.31,0.3
0.305,67100.0,0.305,2017-09-05,0.305,0.305
0.315,3872800.0,0.325,2017-09-06,0.325,0.305
0.305,6581900.0,0.305,2017-09-08,0.305,0.305
0.32,99600.0,0.325,2017-09-11,0.325,0.32
0.325,237250.0,0.325,2017-09-13,0.325,0.325
0.32,54500.0,0.325,2017-09-14,0.325,0.32
0.325,164550.0,0.335,2017-09-15,0.335,0.325
0.335,1020350.0,0.35,2017-09-18,0.355,0.335
0.35,441050.0,0.33,2017-09-19,0.355,0.325
0.335,358500.0,0.335,2017-09-20,0.345,0.335
0.345,56550.0,0.335,2017-09-21,0.345,0.33
0.345,338850.0,0.34,2017-09-22,0.345,0.34
0.345,472500.0,0.35,2017-09-25,0.355,0.345
0.345,141450.0,0.345,2017-09-26,0.345,0.345
0.345,3450.0,0.345,2017-09-27,0.345,0.345
0.35,1081650.0,0.365,2017-09-28,0.365,0.35
0.37,3275500.0,0.38,2017-09-29,0.38,0.36
0.38,630050.0,0.37,2017-10-02,0.38,0.37
0.35,456450.0,0.35,2017-10-03,0.365,0.35
0.35,379650.0,0.35,2017-10-04,0.355,0.35
0.36,157050.0,0.355,2017-10-05,0.36,0.355
0.355,113600.0,0.355,2017-10-06,0.355,0.355
0.365,1238050.0,0.37,2017-10-09,0.375,0.365
0.375,4194600.0,0.38,2017-10-10,0.395,0.375
0.39,1657800.0,0.395,2017-10-11,0.395,0.38
0.405,4464050.0,0.4,2017-10-12,0.415,0.395
0.4,1407700.0,0.4,2017-10-13,0.405,0.395
0.42,4116900.0,0.42,2017-10-17,0.425,0.415
0.42,8773150.0,0.435,2017-10-18,0.445,0.415
0.44,3361700.0,0.415,2017-10-19,0.44,0.415
0.415,1666550.0,0.415,2017-10-20,0.425,0.41
0.41,9857200.0,0.46,2017-10-23,0.47,0.41
0.465,3439350.0,0.445,2017-10-24,0.465,0.435
0.445,1430150.0,0.455,2017-10-25,0.46,0.445
0.455,523750.0,0.455,2017-10-26,0.46,0.455
0.465,1480450.0,0.44,2017-10-27,0.47,0.44
0.45,1025750.0,0.44,2017-10-30,0.455,0.44
0.44,1386950.0,0.435,2017-11-02,0.445,0.435
0.43,1156750.0,0.445,2017-11-03,0.455,0.43
0.44,2615850.0,0.465,2017-11-06,0.465,0.44
0.465,422100.0,0.45,2017-11-07,0.465,0.45
0.435,297650.0,0.45,2017-11-08,0.455,0.435
0.45,810850.0,0.44,2017-11-09,0.46,0.44
0.435,456850.0,0.43,2017-11-10,0.435,0.43
0.425,1876750.0,0.435,2017-11-13,0.455,0.425
0.43,312700.0,0.43,2017-11-14,0.43,0.425
0.425,238000.0,0.425,2017-11-15,0.425,0.425
0.425,1247650.0,0.41,2017-11-16,0.425,0.41
0.405,1329500.0,0.41,2017-11-17,0.43,0.39
0.395,367350.0,0.395,2017-11-20,0.395,0.395
0.39,323650.0,0.39,2017-11-21,0.39,0.38
0.38,469450.0,0.39,2017-11-22,0.395,0.38
0.39,1393750.0,0.365,2017-11-23,0.39,0.365
0.375,36700.0,0.375,2017-11-24,0.375,0.365
0.375,25750.0,0.365,2017-11-27,0.375,0.365
0.375,206250.0,0.375,2017-11-28,0.375,0.375
0.375,448800.0,0.365,2017-11-29,0.38,0.365
0.37,478200.0,0.39,2017-12-01,0.395,0.37
0.38,193800.0,0.38,2017-12-04,0.38,0.38
0.38,231850.0,0.38,2017-12-05,0.385,0.38
0.38,173800.0,0.375,2017-12-06,0.38,0.375
0.37,180900.0,0.38,2017-12-07,0.38,0.365
0.37,37000.0,0.37,2017-12-08,0.37,0.37
0.38,114000.0,0.38,2017-12-11,0.38,0.38
0.365,304750.0,0.38,2017-12-12,0.38,0.36
0.365,146000.0,0.365,2017-12-13,0.365,0.365
0.385,369750.0,0.395,2017-12-14,0.405,0.385
0.405,2200700.0,0.4,2017-12-15,0.425,0.39
0.405,6545950.0,0.43,2017-12-18,0.45,0.405
0.435,5130050.0,0.435,2017-12-19,0.445,0.42
0.44,4399650.0,0.455,2017-12-20,0.455,0.435
0.445,3051950.0,0.46,2017-12-21,0.47,0.445
0.46,5029750.0,0.46,2017-12-22,0.48,0.46
0.465,3581350.0,0.485,2017-12-27,0.485,0.465
0.485,3366350.0,0.475,2017-12-28,0.485,0.475
0.475,1725500.0,0.46,2017-12-29,0.475,0.45
0.46,180450.0,0.47,2018-01-03,0.48,0.46
0.46,717850.0,0.465,2018-01-04,0.465,0.46
0.46,874850.0,0.455,2018-01-05,0.465,0.45
0.455,1477700.0,0.48,2018-01-08,0.48,0.45
0.48,3705850.0,0.495,2018-01-09,0.495,0.48
0.495,6846650.0,0.495,2018-01-10,0.52,0.49
0.5,1169050.0,0.49,2018-01-11,0.5,0.49
0.49,841600.0,0.49,2018-01-12,0.5,0.48
0.495,550600.0,0.5,2018-01-15,0.5,0.495
0.5,2307605.0,0.445,2018-01-16,0.5,0.31
0.45,1661950.0,0.46,2018-01-17,0.46,0.445
0.46,9200.0,0.46,2018-01-18,0.46,0.46
0.46,328500.0,0.45,2018-01-19,0.46,0.445
0.46,1279900.0,0.46,2018-01-22,0.46,0.445
0.455,1046450.0,0.45,2018-01-23,0.46,0.45
0.465,1420400.0,0.465,2018-01-24,0.465,0.45
0.48,7254800.0,0.48,2018-01-25,0.51,0.47
0.49,470900.0,0.465,2018-01-26,0.49,0.455
0.49,9850.0,0.495,2018-01-29,0.495,0.49
0.46,1685900.0,0.5,2018-01-30,0.5,0.455
0.5,80879710.0,0.64,2018-01-31,0.75,0.5
0.65,22905880.0,0.56,2018-02-01,0.66,0.55
0.59,5155980.0,0.57,2018-02-02,0.59,0.54
0.57,13673440.0,0.57,2018-02-05,0.63,0.54
0.56,7566920.0,0.55,2018-02-06,0.59,0.54
0.57,14348410.0,0.6,2018-02-07,0.65,0.57
0.62,8105420.0,0.63,2018-02-08,0.65,0.6
0.63,5736450.0,0.62,2018-02-09,0.63,0.6
0.62,5123530.0,0.61,2018-02-12,0.63,0.6
0.62,21913740.0,0.7,2018-02-13,0.72,0.62
0.72,10953560.0,0.67,2018-02-14,0.74,0.67
0.67,11436910.0,0.63,2018-02-15,0.67,0.61
0.63,2316150.0,0.61,2018-02-19,0.63,0.6
0.62,1077940.0,0.63,2018-02-20,0.63,0.61
0.64,1988960.0,0.62,2018-02-21,0.65,0.61
0.62,5028810.0,0.6,2018-02-22,0.62,0.6
0.6,4848090.0,0.64,2018-02-23,0.64,0.6
0.65,4506640.0,0.68,2018-02-26,0.68,0.64
0.69,4087630.0,0.66,2018-02-27,0.69,0.65
0.66,2154020.0,0.66,2018-02-28,0.68,0.66
0.66,2874830.0,0.65,2018-03-01,0.67,0.65
0.65,25120220.0,0.69,2018-03-02,0.74,0.65
0.69,6024280.0,0.67,2018-03-05,0.72,0.67
0.69,1754940.0,0.68,2018-03-06,0.7,0.66
0.68,219790.0,0.69,2018-03-07,0.69,0.67
0.68,819210.0,0.68,2018-03-08,0.68,0.67
0.67,555780.0,0.68,2018-03-09,0.68,0.66
0.68,2017760.0,0.66,2018-03-12,0.68,0.66
0.66,1089660.0,0.66,2018-03-13,0.66,0.66
0.65,2435570.0,0.65,2018-03-14,0.67,0.65
0.66,1567410.0,0.67,2018-03-15,0.67,0.64
0.65,1021500.0,0.66,2018-03-16,0.66,0.64
0.65,10131420.0,0.6,2018-03-19,0.65,0.6
0.59,2674130.0,0.57,2018-03-20,0.59,0.57
0.58,907480.0,0.58,2018-03-21,0.6,0.58
0.58,176540.0,0.59,2018-03-22,0.59,0.58
0.59,178090.0,0.57,2018-03-23,0.59,0.57
0.57,316690.0,0.58,2018-03-26,0.59,0.57
0.59,64020.0,0.58,2018-03-27,0.59,0.58
0.59,122580.0,0.58,2018-03-28,0.59,0.58
0.59,1348700.0,0.6,2018-04-02,0.62,0.59
0.62,3352320.0,0.66,2018-04-03,0.66,0.62
0.66,1679990.0,0.66,2018-04-04,0.68,0.65
0.65,1657210.0,0.66,2018-04-05,0.66,0.65
0.65,535870.0,0.65,2018-04-06,0.65,0.64
0.65,1498260.0,0.65,2018-04-10,0.66,0.65
0.65,1254410.0,0.66,2018-04-11,0.67,0.65
0.66,261060.0,0.64,2018-04-12,0.67,0.64
0.65,1498780.0,0.66,2018-04-13,0.67,0.65
0.67,1916740.0,0.67,2018-04-16,0.68,0.66
0.66,2478110.0,0.65,2018-04-17,0.66,0.65
0.63,3037250.0,0.64,2018-04-18,0.64,0.61
0.62,3384270.0,0.62,2018-04-19,0.62,0.6
0.62,78210.0,0.64,2018-04-20,0.64,0.61
0.62,141010.0,0.65,2018-04-23,0.65,0.62
0.61,623620.0,0.63,2018-04-24,0.65,0.61
0.61,865600.0,0.63,2018-04-25,0.63,0.61
0.63,437270.0,0.64,2018-04-26,0.65,0.62
0.61,1524180.0,0.64,2018-04-27,0.66,0.61
0.65,2907530.0,0.68,2018-04-30,0.68,0.65
0.68,9149010.0,0.7,2018-05-02,0.71,0.68
0.72,31041190.0,0.7,2018-05-03,0.76,0.68
0.69,4151840.0,0.66,2018-05-04,0.69,0.66
0.65,1443880.0,0.66,2018-05-07,0.69,0.65
0.65,2973520.0,0.64,2018-05-08,0.67,0.64
0.64,213020.0,0.66,2018-05-09,0.66,0.64
0.66,131980.0,0.65,2018-05-10,0.66,0.65
0.65,792960.0,0.65,2018-05-11,0.66,0.64
0.66,1914950.0,0.68,2018-05-15,0.69,0.65
0.68,602760.0,0.69,2018-05-16,0.69,0.67
0.68,2968830.0,0.68,2018-05-17,0.69,0.66
0.67,3986730.0,0.7,2018-05-18,0.71,0.67
0.71,7277920.0,0.74,2018-05-21,0.75,0.7
0.74,2088230.0,0.74,2018-05-22,0.74,0.72
0.73,3235560.0,0.7,2018-05-23,0.74,0.7
0.72,1896900.0,0.7,2018-05-24,0.72,0.7
0.71,862130.0,0.69,2018-05-25,0.71,0.69
0.7,1013600.0,0.72,2018-05-28,0.73,0.7
0.72,4050140.0,0.7,2018-05-29,0.74,0.7
0.71,2150160.0,0.7,2018-05-30,0.71,0.68
0.71,346180.0,0.68,2018-05-31,0.71,0.67
0.68,2052700.0,0.7,2018-06-01,0.7,0.68
0.69,235390.0,0.69,2018-06-04,0.71,0.68
0.69,687640.0,0.68,2018-06-05,0.69,0.67
0.7,720310.0,0.7,2018-06-06,0.7,0.68
0.69,405570.0,0.69,2018-06-07,0.7,0.69
0.7,266770.0,0.69,2018-06-08,0.7,0.68
0.68,46300.0,0.7,2018-06-11,0.7,0.68
0.69,274650.0,0.7,2018-06-13,0.7,0.69
0.7,1357500.0,0.7,2018-06-14,0.7,0.69
0.7,716040.0,0.68,2018-06-18,0.7,0.68
0.67,1120550.0,0.65,2018-06-19,0.68,0.65
0.65,1162780.0,0.66,2018-06-20,0.66,0.64
0.66,1295520.0,0.64,2018-06-21,0.66,0.63
0.63,3023680.0,0.64,2018-06-22,0.64,0.62
0.64,179710.0,0.64,2018-06-25,0.66,0.64
0.61,220100.0,0.63,2018-06-26,0.64,0.61
0.63,161620.0,0.63,2018-06-27,0.64,0.63
0.63,1910.0,0.64,2018-06-28,0.64,0.63
0.64,1112040.0,0.66,2018-06-29,0.67,0.64
0.67,818740.0,0.68,2018-07-02,0.69,0.67
0.69,863640.0,0.69,2018-07-03,0.7,0.68
0.66,2692040.0,0.69,2018-07-04,0.72,0.66
0.7,9187430.0,0.72,2018-07-05,0.72,0.69
0.71,3113670.0,0.7,2018-07-06,0.71,0.7
0.71,71000.0,0.71,2018-07-09,0.71,0.71
0.7,454000.0,0.69,2018-07-10,0.71,0.69
0.68,713760.0,0.69,2018-07-11,0.69,0.68
0.68,4915850.0,0.73,2018-07-12,0.73,0.68
0.73,39083150.0,0.73,2018-07-13,0.81,0.73
0.74,1827880.0,0.72,2018-07-16,0.74,0.7
0.72,518080.0,0.74,2018-07-17,0.74,0.72
0.74,1741010.0,0.73,2018-07-18,0.74,0.72
0.73,2412880.0,0.74,2018-07-19,0.75,0.73
0.74,6812220.0,0.78,2018-07-20,0.78,0.73
0.79,9516030.0,0.81,2018-07-23,0.82,0.79
0.81,4717720.0,0.81,2018-07-24,0.82,0.8
0.81,7148390.0,0.79,2018-07-25,0.81,0.76
0.79,22058110.0,0.83,2018-07-26,0.88,0.79
0.84,20598340.0,0.89,2018-07-27,0.89,0.82
0.89,37815890.0,0.93,2018-07-30,0.96,0.87
0.95,25824020.0,0.95,2018-07-31,0.98,0.93
0.97,34032820.0,1.02,2018-08-01,1.04,0.93
1.02,23712480.0,1.05,2018-08-02,1.08,1.02
1.06,40519220.0,1.2,2018-08-03,1.21,1.06
1.22,75902900.0,1.35,2018-08-06,1.67,1.22
1.47,16738160.0,1.42,2018-08-07,1.47,1.36
1.43,36788480.0,1.58,2018-08-08,1.6,1.39
1.65,26711500.0,1.55,2018-08-09,1.7,1.52
1.49,43785980.0,1.41,2018-08-10,1.53,1.41
1.43,41501620.0,1.39,2018-08-13,1.5,1.34
1.34,27274560.0,1.38,2018-08-14,1.42,1.26
1.42,15816470.0,1.34,2018-08-15,1.43,1.32
1.32,3489790.0,1.38,2018-08-16,1.4,1.32
1.38,7757500.0,1.42,2018-08-17,1.43,1.38
1.43,17606080.0,1.43,2018-08-20,1.51,1.42
1.46,2484320.0,1.44,2018-08-22,1.47,1.43
1.42,8996220.0,1.45,2018-08-23,1.49,1.4
1.47,20932990.0,1.47,2018-08-24,1.54,1.43
1.51,6613610.0,1.52,2018-08-28,1.54,1.48
1.54,7795320.0,1.56,2018-08-29,1.58,1.51
1.56,5191900.0,1.49,2018-08-30,1.56,1.45
1.49,1915050.0,1.48,2018-08-31,1.5,1.47
1.48,2410680.0,1.5,2018-09-03,1.51,1.48
1.5,2893450.0,1.49,2018-09-04,1.51,1.47
1.5,10091210.0,1.42,2018-09-05,1.5,1.4
1.42,5240910.0,1.37,2018-09-06,1.44,1.36
1.36,5435680.0,1.38,2018-09-07,1.39,1.36
1.4,1841980.0,1.38,2018-09-10,1.4,1.37
1.37,6492870.0,1.32,2018-09-11,1.37,1.3
1.33,4728810.0,1.33,2018-09-12,1.39,1.32
1.34,2149920.0,1.35,2018-09-13,1.37,1.34
1.35,623700.0,1.34,2018-09-14,1.36,1.33
1.33,129550.0,1.34,2018-09-17,1.35,1.33
1.34,3784110.0,1.33,2018-09-18,1.34,1.31
1.34,904220.0,1.3,2018-09-19,1.34,1.3
1.3,3351170.0,1.26,2018-09-20,1.3,1.23
1.25,673800.0,1.24,2018-09-21,1.25,1.23
1.25,673800.0,1.24,2018-09-21,1.25,1.23
1.23,9274300.0,1.18,2018-09-24,1.23,1.17
1.23,9274300.0,1.18,2018-09-24,1.23,1.17
1.17,3264110.0,1.16,2018-09-25,1.2,1.13
1.13,9771470.0,1.15,2018-09-26,1.22,1.06
1.16,2487570.0,1.13,2018-09-27,1.16,1.12
1.24,10765590.0,1.28,2018-09-28,1.3,1.2
1.31,7554650.0,1.31,2018-10-01,1.33,1.31
1.31,2972490.0,1.32,2018-10-02,1.33,1.29
1.33,1249300.0,1.34,2018-10-03,1.36,1.33
1.35,3090320.0,1.27,2018-10-04,1.35,1.27
1.28,2060800.0,1.24,2018-10-05,1.28,1.22
1.24,2373620.0,1.2,2018-10-08,1.25,1.18
1.19,3627640.0,1.16,2018-10-09,1.21,1.14
1.15,2775720.0,1.18,2018-10-10,1.19,1.15
1.18,1640250.0,1.14,2018-10-11,1.18,1.13
1.13,6447590.0,1.17,2018-10-12,1.17,1.09
1.17,2601500.0,1.18,2018-10-15,1.2,1.17
1.18,3718770.0,1.19,2018-10-16,1.21,1.17
1.19,3213370.0,1.22,2018-10-17,1.23,1.15
1.23,1407470.0,1.21,2018-10-18,1.23,1.2
1.2,2369190.0,1.19,2018-10-19,1.2,1.18
1.18,2985400.0,1.23,2018-10-22,1.23,1.18
1.23,6329960.0,1.26,2018-10-23,1.29,1.23
1.26,2216730.0,1.25,2018-10-24,1.27,1.25
1.24,3752400.0,1.2,2018-10-25,1.24,1.2
1.22,1731060.0,1.23,2018-10-26,1.24,1.22
1.24,559370.0,1.21,2018-10-29,1.24,1.21
1.23,2182010.0,1.27,2018-10-30,1.28,1.23
1.27,4113800.0,1.28,2018-10-31,1.34,1.27
1.3,4212860.0,1.36,2018-11-05,1.36,1.3
1.37,8132430.0,1.37,2018-11-06,1.41,1.35
1.41,9664360.0,1.2,2018-11-07,1.41,1.17
1.23,3518390.0,1.3,2018-11-08,1.3,1.18
1.33,4982050.0,1.36,2018-11-09,1.37,1.3
1.36,9042250.0,1.42,2018-11-12,1.45,1.32
1.43,3957130.0,1.39,2018-11-13,1.45,1.38
1.42,1112570.0,1.43,2018-11-14,1.44,1.41
1.44,10904800.0,1.47,2018-11-15,1.51,1.44
1.47,8263310.0,1.47,2018-11-16,1.49,1.43
1.49,857180.0,1.48,2018-11-19,1.49,1.47
1.49,1458220.0,1.47,2018-11-20,1.49,1.46
1.46,3774130.0,1.41,2018-11-21,1.46,1.4
1.39,796100.0,1.42,2018-11-22,1.42,1.39
1.43,576260.0,1.42,2018-11-23,1.43,1.39
1.42,755540.0,1.43,2018-11-26,1.43,1.42
1.43,6739620.0,1.47,2018-11-27,1.49,1.43
1.5,15843570.0,1.46,2018-11-28,1.57,1.46
1.47,2751940.0,1.51,2018-11-29,1.51,1.47
1.51,467130.0,1.51,2018-12-03,1.55,1.51
1.5,3207700.0,1.46,2018-12-04,1.5,1.45
1.44,5993540.0,1.42,2018-12-05,1.47,1.41
1.4,4163700.0,1.4,2018-12-06,1.4,1.35
1.4,3225380.0,1.37,2018-12-07,1.42,1.36
1.37,3351230.0,1.37,2018-12-10,1.39,1.34
1.37,1004500.0,1.36,2018-12-11,1.37,1.35
1.35,4912350.0,1.43,2018-12-12,1.43,1.35
1.43,69470.0,1.43,2018-12-13,1.43,1.41
1.4,791880.0,1.38,2018-12-14,1.4,1.37
1.36,398610.0,1.4,2018-12-17,1.41,1.36
1.34,356080.0,1.36,2018-12-18,1.39,1.33
1.36,1148150.0,1.36,2018-12-19,1.39,1.36
1.38,546000.0,1.36,2018-12-20,1.38,1.36
1.38,1462900.0,1.39,2018-12-21,1.39,1.37
1.38,423660.0,1.38,2018-12-26,1.38,1.38
1.35,573760.0,1.39,2018-12-27,1.4,1.34
1.4,8252090.0,1.42,2018-12-28,1.46,1.4
1.43,2068610.0,1.41,2019-01-02,1.46,1.41
1.41,1743490.0,1.44,2019-01-03,1.47,1.41
1.46,2308470.0,1.47,2019-01-04,1.47,1.45
1.48,15440880.0,1.44,2019-01-07,1.49,1.4
1.44,54720.0,1.44,2019-01-08,1.44,1.44
1.45,5757400.0,1.42,2019-01-09,1.45,1.39
1.41,951170.0,1.42,2019-01-10,1.44,1.41
1.43,908800.0,1.46,2019-01-11,1.46,1.43
1.47,1601300.0,1.47,2019-01-14,1.48,1.43
1.48,984440.0,1.46,2019-01-15,1.48,1.46
1.44,4724630.0,1.43,2019-01-16,1.44,1.42
1.43,730800.0,1.43,2019-01-17,1.46,1.43
1.43,3412220.0,1.42,2019-01-18,1.43,1.41
1.45,10491040.0,1.53,2019-01-21,1.54,1.45
1.56,7426490.0,1.56,2019-01-22,1.59,1.54
1.56,8805210.0,1.47,2019-01-23,1.56,1.47
1.48,1193780.0,1.48,2019-01-24,1.5,1.47
1.47,5416270.0,1.44,2019-01-25,1.47,1.44
1.44,4096590.0,1.43,2019-01-28,1.45,1.42
1.43,2537940.0,1.45,2019-01-29,1.45,1.41
1.45,1165070.0,1.47,2019-01-30,1.47,1.41
1.47,527400.0,1.46,2019-01-31,1.48,1.46
1.46,1066650.0,1.48,2019-02-01,1.49,1.45
1.47,3308200.0,1.45,2019-02-04,1.47,1.41
1.44,2496060.0,1.43,2019-02-06,1.44,1.4
1.42,590740.0,1.44,2019-02-07,1.45,1.42
1.45,3124180.0,1.45,2019-02-08,1.45,1.43
1.44,1072730.0,1.43,2019-02-11,1.45,1.43
1.45,4872800.0,1.47,2019-02-12,1.5,1.45
1.47,2622630.0,1.44,2019-02-13,1.47,1.42
1.42,409280.0,1.45,2019-02-14,1.45,1.42
1.45,1928340.0,1.45,2019-02-15,1.46,1.44
1.44,755080.0,1.44,2019-02-18,1.47,1.42
1.49,2113360.0,1.41,2019-02-19,1.49,1.38
1.47,122910.0,1.42,2019-02-20,1.47,1.39
1.42,703580.0,1.42,2019-02-21,1.42,1.4
1.43,2470300.0,1.39,2019-02-22,1.43,1.38
1.39,749370.0,1.39,2019-02-26,1.4,1.38
1.4,1753230.0,1.42,2019-02-27,1.43,1.4
1.43,6581600.0,1.43,2019-02-28,1.48,1.43
1.43,12273480.0,1.51,2019-03-01,1.52,1.43
1.53,6646720.0,1.47,2019-03-04,1.56,1.47
1.47,2309610.0,1.45,2019-03-05,1.48,1.43
1.45,882060.0,1.47,2019-03-06,1.47,1.45
1.47,2513660.0,1.42,2019-03-07,1.48,1.41
1.45,711410.0,1.45,2019-03-08,1.46,1.43
1.44,1234520.0,1.42,2019-03-11,1.45,1.41
1.42,32720.0,1.44,2019-03-12,1.44,1.42
1.43,1426950.0,1.41,2019-03-13,1.43,1.4
1.41,434310.0,1.41,2019-03-14,1.41,1.39
1.41,996030.0,1.45,2019-03-15,1.45,1.41
1.43,10010.0,1.43,2019-03-18,1.43,1.43
1.4,2388110.0,1.38,2019-03-19,1.4,1.37
1.37,232310.0,1.39,2019-03-20,1.39,1.37
1.44,3108710.0,1.45,2019-03-21,1.45,1.39
1.44,2242100.0,1.44,2019-03-22,1.46,1.44
1.44,1505080.0,1.42,2019-03-25,1.44,1.42
1.43,4753640.0,1.48,2019-03-26,1.52,1.43
1.48,2259240.0,1.48,2019-03-27,1.49,1.46
1.43,2052320.0,1.45,2019-03-28,1.47,1.42
1.42,338750.0,1.4,2019-04-01,1.42,1.4
1.39,2881360.0,1.38,2019-04-02,1.39,1.36
1.37,43880.0,1.41,2019-04-03,1.41,1.37
1.38,658600.0,1.39,2019-04-04,1.39,1.38
1.38,568890.0,1.39,2019-04-05,1.39,1.37
1.38,571590.0,1.4,2019-04-08,1.4,1.38
1.39,306460.0,1.42,2019-04-10,1.42,1.39
1.42,1007440.0,1.43,2019-04-11,1.44,1.42
1.45,476960.0,1.46,2019-04-12,1.46,1.44
1.44,1880730.0,1.42,2019-04-15,1.44,1.42
1.41,511920.0,1.42,2019-04-16,1.42,1.41
1.41,227160.0,1.43,2019-04-17,1.43,1.41
1.4,77150.0,1.43,2019-04-22,1.43,1.4
1.41,288050.0,1.41,2019-04-23,1.41,1.4
1.41,938780.0,1.4,2019-04-24,1.41,1.39
1.4,579590.0,1.4,2019-04-25,1.4,1.39
1.4,1006600.0,1.4,2019-04-26,1.4,1.4
1.39,253000.0,1.4,2019-04-29,1.4,1.39
1.38,178320.0,1.45,2019-04-30,1.45,1.38
1.4,296800.0,1.4,2019-05-02,1.4,1.4
1.4,329000.0,1.4,2019-05-03,1.4,1.4
1.39,2131340.0,1.38,2019-05-06,1.39,1.37
1.4,73200.0,1.38,2019-05-07,1.4,1.38
1.39,1132240.0,1.37,2019-05-08,1.39,1.36
1.37,714890.0,1.36,2019-05-09,1.37,1.35
1.36,790900.0,1.36,2019-05-10,1.36,1.35
1.34,1549530.0,1.31,2019-05-14,1.34,1.3
1.33,763130.0,1.3,2019-05-15,1.33,1.3
1.29,275780.0,1.34,2019-05-16,1.34,1.26
1.28,138780.0,1.32,2019-05-17,1.32,1.28
1.28,62960.0,1.32,2019-05-20,1.32,1.28
1.27,54080.0,1.29,2019-05-21,1.32,1.27
1.27,17780.0,1.27,2019-05-22,1.27,1.27
1.29,153690.0,1.27,2019-05-23,1.29,1.27
1.26,28980.0,1.26,2019-05-24,1.26,1.26
1.25,508230.0,1.24,2019-05-27,1.25,1.21
1.23,377800.0,1.26,2019-05-28,1.26,1.23
1.23,7420.0,1.25,2019-05-29,1.25,1.23
1.26,320950.0,1.24,2019-05-30,1.26,1.24
1.26,35280.0,1.26,2019-06-03,1.26,1.26
1.27,681570.0,1.28,2019-06-04,1.29,1.26
1.27,349610.0,1.27,2019-06-06,1.27,1.26
1.29,190590.0,1.32,2019-06-07,1.32,1.29
1.3,329660.0,1.24,2019-06-10,1.3,1.24
1.25,220970.0,1.28,2019-06-13,1.28,1.24
1.3,1723340.0,1.32,2019-06-14,1.34,1.29
1.34,693340.0,1.32,2019-06-17,1.34,1.3
1.3,201500.0,1.3,2019-06-18,1.3,1.3
1.31,927050.0,1.36,2019-06-19,1.38,1.31
1.36,974510.0,1.4,2019-06-20,1.4,1.36
1.4,224340.0,1.38,2019-06-21,1.4,1.36
1.36,210850.0,1.37,2019-06-24,1.37,1.36
1.37,579510.0,1.39,2019-06-25,1.39,1.35
1.37,688500.0,1.38,2019-06-26,1.38,1.36
1.39,1177600.0,1.42,2019-06-27,1.42,1.39
1.42,3665200.0,1.37,2019-06-28,1.46,1.37
